Sphere 0 0 0 0 2 Dielectric 0 0 0 0 0 0 0 0 0 0.95 0.95 1 1.6
Sphere 0 0 4 0 0.15 Metal 0 0 0 0.6 0.6 0.5 0 0 0 0.2
Sphere 0 0 4 0 0.185355 Metal 0 0 0 0.6 0.6 0.5 0 0 0 0.2
Sphere 0 0 4 0 0.2 Metal 0 0 0 0.980423 0.132348 0.793893 0 0 0 0.2
Sphere -0 0 4 0 0.185355 Metal 0 0 0 0.980423 0.132348 0.793893 0 0 0 0.2
Sphere -0 0 4 0 0.15 Metal 0 0 0 0.835114 0.0345818 0.0244717 0 0 0 0.2
Sphere -0 -0 4 0 0.185355 Metal 0 0 0 0.364886 0.441811 0.975528 0 0 0 0.2
Sphere -0 -0 4 0 0.2 Metal 0 0 0 0.364886 0.441811 0.975528 0 0 0 0.2
Sphere 0 -0 4 0 0.185355 Metal 0 0 0 0.219577 0.791259 0.206107 0 0 0 0.2
Sphere 1.42472 0.590139 3.72298 0 0.196194 Metal 0 0 0 0.6 0.6 0.5 0 0 0 0.2
Sphere 0.583984 1.40986 3.68414 0 0.169134 Metal 0 0 0 0.6 0.6 0.5 0 0 0 0.2
Sphere -0.583984 1.40986 3.68414 0 0.169134 Metal 0 0 0 0.980423 0.132348 0.793893 0 0 0 0.2
Sphere -1.42472 0.590139 3.72298 0 0.196194 Metal 0 0 0 0.835114 0.0345818 0.0244717 0 0 0 0.2
Sphere -1.40371 -0.581434 3.66806 0 0.196194 Metal 0 0 0 0.835114 0.0345818 0.0244717 0 0 0 0.2
Sphere -0.587589 -1.41857 3.70689 0 0.169134 Metal 0 0 0 0.364886 0.441811 0.975528 0 0 0 0.2
Sphere 0.587589 -1.41857 3.70689 0 0.169134 Metal 0 0 0 0.219577 0.791259 0.206107 0 0 0 0.2
Sphere 1.40371 -0.581434 3.66806 0 0.196194 Metal 0 0 0 0.219577 0.791259 0.206107 0 0 0 0.2
Sphere 2.82843 0 2.82843 0 0.15 Metal 0 0 0 0.6 0.6 0.5 0 0 0 0.2
Sphere 1.86742 1.86742 2.64093 0 0.185355 Metal 0 0 0 0.6 0.6 0.5 0 0 0 0.2
Sphere 1.89428e-16 3.09359 3.09359 0 0.2 Metal 0 0 0 0.980423 0.132348 0.793893 0 0 0 0.2
Sphere -1.86742 1.86742 2.64093 0 0.185355 Metal 0 0 0 0.980423 0.132348 0.793893 0 0 0 0.2
Sphere -2.82843 3.46382e-16 2.82843 0 0.15 Metal 0 0 0 0.835114 0.0345818 0.0244717 0 0 0 0.2
Sphere -2.13258 -2.13258 3.01593 0 0.185355 Metal 0 0 0 0.364886 0.441811 0.975528 0 0 0 0.2
Sphere -4.70864e-16 -2.56326 2.56326 0 0.2 Metal 0 0 0 0.364886 0.441811 0.975528 0 0 0 0.2
Sphere 2.13258 -2.13258 3.01593 0 0.185355 Metal 0 0 0 0.219577 0.791259 0.206107 0 0 0 0.2
Sphere 4.276 1.77118 1.91711 0 0.196194 Emissive 0 0 0 0 0 0 3.2 3.2 1.6
Sphere 1.26635 3.05725 1.37069 0 0.169134 Metal 0 0 0 0.6 0.6 0.5 0 0 0 0.2
Sphere -1.26635 3.05725 1.37069 0 0.169134 Metal 0 0 0 0.980423 0.132348 0.793893 0 0 0 0.2
Sphere -4.276 1.77118 1.91711 0 0.196194 Emissive 0 0 0 0 0 0 3.67023 1.75279 2.36085
Sphere -2.55243 -1.05725 1.14436 0 0.196194 Emissive 0 0 0 0 0 0 3.67023 1.75279 2.36085
Sphere -1.56207 -3.77118 1.69078 0 0.169134 Metal 0 0 0 0.364886 0.441811 0.975528 0 0 0 0.2
Sphere 1.56207 -3.77118 1.69078 0 0.169134 Metal 0 0 0 0.219577 0.791259 0.206107 0 0 0 0.2
Sphere 2.55243 -1.05725 1.14436 0 0.196194 Emissive 0 0 0 0 0 0 2.43915 2.64721 2.07023
Sphere 4 0 2.44929e-16 0 0.15 Metal 0 0 0 0.6 0.6 0.5 0 0 0 0.2
Sphere 2.07843 2.07843 1.79983e-16 0 0.185355 Metal 0 0 0 0.6 0.6 0.5 0 0 0 0.2
Sphere 3.36778e-16 5.5 3.36778e-16 0 0.2 Emissive 0 0 0 0 0 0 3.96085 2.64721 1.12977
Sphere -2.07843 2.07843 1.79983e-16 0 0.185355 Metal 0 0 0 0.980423 0.132348 0.793893 0 0 0 0.2
Sphere -4 4.89859e-16 2.44929e-16 0 0.15 Metal 0 0 0 0.835114 0.0345818 0.0244717 0 0 0 0.2
Sphere -3.57843 -3.57843 3.09876e-16 0 0.185355 Metal 0 0 0 0.364886 0.441811 0.975528 0 0 0 0.2
Sphere -4.59243e-16 -2.5 1.53081e-16 0 0.2 Emissive 0 0 0 0 0 0 2.72977 1.75279 0.839155
Sphere 3.57843 -3.57843 3.09876e-16 0 0.185355 Metal 0 0 0 0.219577 0.791259 0.206107 0 0 0 0.2
Sphere 4.276 1.77118 -1.91711 0 0.196194 Emissive 0 0 0 0 0 0 3.2 3.2 1.6
Sphere 1.26635 3.05725 -1.37069 0 0.169134 Metal 0 0 0 0.6 0.6 0.5 0 0 0 0.2
Sphere -1.26635 3.05725 -1.37069 0 0.169134 Metal 0 0 0 0.980423 0.132348 0.793893 0 0 0 0.2
Sphere -4.276 1.77118 -1.91711 0 0.196194 Emissive 0 0 0 0 0 0 3.67023 1.75279 2.36085
Sphere -2.55243 -1.05725 -1.14436 0 0.196194 Emissive 0 0 0 0 0 0 3.67023 1.75279 2.36085
Sphere -1.56207 -3.77118 -1.69078 0 0.169134 Metal 0 0 0 0.364886 0.441811 0.975528 0 0 0 0.2
Sphere 1.56207 -3.77118 -1.69078 0 0.169134 Metal 0 0 0 0.219577 0.791259 0.206107 0 0 0 0.2
Sphere 2.55243 -1.05725 -1.14436 0 0.196194 Emissive 0 0 0 0 0 0 2.43915 2.64721 2.07023
Sphere 2.82843 0 -2.82843 0 0.15 Metal 0 0 0 0.6 0.6 0.5 0 0 0 0.2
Sphere 1.86742 1.86742 -2.64093 0 0.185355 Metal 0 0 0 0.6 0.6 0.5 0 0 0 0.2
Sphere 1.89428e-16 3.09359 -3.09359 0 0.2 Metal 0 0 0 0.980423 0.132348 0.793893 0 0 0 0.2
Sphere -1.86742 1.86742 -2.64093 0 0.185355 Metal 0 0 0 0.980423 0.132348 0.793893 0 0 0 0.2
Sphere -2.82843 3.46382e-16 -2.82843 0 0.15 Metal 0 0 0 0.835114 0.0345818 0.0244717 0 0 0 0.2
Sphere -2.13258 -2.13258 -3.01593 0 0.185355 Metal 0 0 0 0.364886 0.441811 0.975528 0 0 0 0.2
Sphere -4.70864e-16 -2.56326 -2.56326 0 0.2 Metal 0 0 0 0.364886 0.441811 0.975528 0 0 0 0.2
Sphere 2.13258 -2.13258 -3.01593 0 0.185355 Metal 0 0 0 0.219577 0.791259 0.206107 0 0 0 0.2
Sphere 1.42472 0.590139 -3.72298 0 0.196194 Metal 0 0 0 0.6 0.6 0.5 0 0 0 0.2
Sphere 0.583984 1.40986 -3.68414 0 0.169134 Metal 0 0 0 0.6 0.6 0.5 0 0 0 0.2
Sphere -0.583984 1.40986 -3.68414 0 0.169134 Metal 0 0 0 0.980423 0.132348 0.793893 0 0 0 0.2
Sphere -1.42472 0.590139 -3.72298 0 0.196194 Metal 0 0 0 0.835114 0.0345818 0.0244717 0 0 0 0.2
Sphere -1.40371 -0.581434 -3.66806 0 0.196194 Metal 0 0 0 0.835114 0.0345818 0.0244717 0 0 0 0.2
Sphere -0.587589 -1.41857 -3.70689 0 0.169134 Metal 0 0 0 0.364886 0.441811 0.975528 0 0 0 0.2
Sphere 0.587589 -1.41857 -3.70689 0 0.169134 Metal 0 0 0 0.219577 0.791259 0.206107 0 0 0 0.2
Sphere 1.40371 -0.581434 -3.66806 0 0.196194 Metal 0 0 0 0.219577 0.791259 0.206107 0 0 0 0.2
Sphere 4.89859e-16 0 -4 0 0.15 Metal 0 0 0 0.6 0.6 0.5 0 0 0 0.2
Sphere 3.46382e-16 3.46382e-16 -4 0 0.185355 Metal 0 0 0 0.6 0.6 0.5 0 0 0 0.2
Sphere 2.99952e-32 4.89859e-16 -4 0 0.2 Metal 0 0 0 0.980423 0.132348 0.793893 0 0 0 0.2
Sphere -3.46382e-16 3.46382e-16 -4 0 0.185355 Metal 0 0 0 0.980423 0.132348 0.793893 0 0 0 0.2
Sphere -4.89859e-16 5.99904e-32 -4 0 0.15 Metal 0 0 0 0.835114 0.0345818 0.0244717 0 0 0 0.2
Sphere -3.46382e-16 -3.46382e-16 -4 0 0.185355 Metal 0 0 0 0.364886 0.441811 0.975528 0 0 0 0.2
Sphere -8.99856e-32 -4.89859e-16 -4 0 0.2 Metal 0 0 0 0.364886 0.441811 0.975528 0 0 0 0.2
Sphere 3.46382e-16 -3.46382e-16 -4 0 0.185355 Metal 0 0 0 0.219577 0.791259 0.206107 0 0 0 0.2
Sphere 2.8 0 3.2 0 0.06 Metal 0 0 0 0.3 0.5 0.8 0 0 0 0.1
Sphere 2.42487 1.4 3.5 0 0.06 Metal 0 0 0 0.3 0.5 0.8 0 0 0 0.1
Sphere 1.4 2.42487 3.2 0 0.06 Metal 0 0 0 0.3 0.5 0.8 0 0 0 0.1
Sphere 1.71451e-16 2.8 2.9 0 0.06 Metal 0 0 0 0.3 0.5 0.8 0 0 0 0.1
Sphere -1.4 2.42487 3.2 0 0.06 Metal 0 0 0 0.3 0.5 0.8 0 0 0 0.1
Sphere -2.42487 1.4 3.5 0 0.06 Metal 0 0 0 0.3 0.5 0.8 0 0 0 0.1
Sphere -2.8 3.42901e-16 3.2 0 0.06 Metal 0 0 0 0.3 0.5 0.8 0 0 0 0.1
Sphere -2.42487 -1.4 2.9 0 0.06 Metal 0 0 0 0.3 0.5 0.8 0 0 0 0.1
Sphere -1.4 -2.42487 3.2 0 0.06 Metal 0 0 0 0.3 0.5 0.8 0 0 0 0.1
Sphere -5.14352e-16 -2.8 3.5 0 0.06 Metal 0 0 0 0.3 0.5 0.8 0 0 0 0.1
Sphere 1.4 -2.42487 3.2 0 0.06 Metal 0 0 0 0.3 0.5 0.8 0 0 0 0.1
Sphere 2.42487 -1.4 2.9 0 0.06 Metal 0 0 0 0.3 0.5 0.8 0 0 0 0.1
Sphere 1.96 0 1.87279 0 0.06 Metal 0 0 0 0.3 0.5 0.8 0 0 0 0.1
Sphere 1.69741 0.98 1.47516 0 0.06 Metal 0 0 0 0.3 0.5 0.8 0 0 0 0.1
Sphere 0.98 1.69741 1.32721 0 0.06 Metal 0 0 0 0.3 0.5 0.8 0 0 0 0.1
Sphere 1.20015e-16 1.96 1.72484 0 0.06 Metal 0 0 0 0.3 0.5 0.8 0 0 0 0.1
Sphere -0.98 1.69741 1.87279 0 0.06 Metal 0 0 0 0.3 0.5 0.8 0 0 0 0.1
Sphere -1.69741 0.98 1.47516 0 0.06 Metal 0 0 0 0.3 0.5 0.8 0 0 0 0.1
Sphere -1.96 2.40031e-16 1.32721 0 0.06 Metal 0 0 0 0.3 0.5 0.8 0 0 0 0.1
Sphere -1.69741 -0.98 1.72484 0 0.06 Metal 0 0 0 0.3 0.5 0.8 0 0 0 0.1
Sphere -0.98 -1.69741 1.87279 0 0.06 Metal 0 0 0 0.3 0.5 0.8 0 0 0 0.1
Sphere -3.60046e-16 -1.96 1.47516 0 0.06 Metal 0 0 0 0.3 0.5 0.8 0 0 0 0.1
Sphere 0.98 -1.69741 1.32721 0 0.06 Metal 0 0 0 0.3 0.5 0.8 0 0 0 0.1
Sphere 1.69741 -0.98 1.72484 0 0.06 Metal 0 0 0 0.3 0.5 0.8 0 0 0 0.1
Sphere 1.12 0 -0.227041 0 0.06 Metal 0 0 0 0.3 0.5 0.8 0 0 0 0.1
Sphere 0.969948 0.56 -0.196093 0 0.06 Metal 0 0 0 0.3 0.5 0.8 0 0 0 0.1
Sphere 0.56 0.969948 0.227041 0 0.06 Metal 0 0 0 0.3 0.5 0.8 0 0 0 0.1
Sphere 6.85802e-17 1.12 0.196093 0 0.06 Metal 0 0 0 0.3 0.5 0.8 0 0 0 0.1
Sphere -0.56 0.969948 -0.227041 0 0.06 Metal 0 0 0 0.3 0.5 0.8 0 0 0 0.1
Sphere -0.969948 0.56 -0.196093 0 0.06 Metal 0 0 0 0.3 0.5 0.8 0 0 0 0.1
Sphere -1.12 1.3716e-16 0.227041 0 0.06 Metal 0 0 0 0.3 0.5 0.8 0 0 0 0.1
Sphere -0.969948 -0.56 0.196093 0 0.06 Metal 0 0 0 0.3 0.5 0.8 0 0 0 0.1
Sphere -0.56 -0.969948 -0.227041 0 0.06 Metal 0 0 0 0.3 0.5 0.8 0 0 0 0.1
Sphere -2.05741e-16 -1.12 -0.196093 0 0.06 Metal 0 0 0 0.3 0.5 0.8 0 0 0 0.1
Sphere 0.56 -0.969948 0.227041 0 0.06 Metal 0 0 0 0.3 0.5 0.8 0 0 0 0.1
Sphere 0.969948 -0.56 0.196093 0 0.06 Metal 0 0 0 0.3 0.5 0.8 0 0 0 0.1
Sphere 7.2 0 0 0 0.4 Dielectric 0 0 0 0 0 0 0 0 0 0.7 0.8 0.9 1.5
Sphere 7.55 0.606218 0.3 0 0.15 Metal 0 0 0 0.9 0.8 0.1 0 0 0 0.2
Sphere 2.22492 6.84761 0 0 0.4 Dielectric 0 0 0 0 0 0 0 0 0 0.7 0.8 0.9 1.5
Sphere 1.75653 7.36781 0.3 0 0.15 Metal 0 0 0 0.9 0.8 0.1 0 0 0 0.2
Sphere -5.82492 4.23205 0 0 0.4 Dielectric 0 0 0 0 0 0 0 0 0 0.7 0.8 0.9 1.5
Sphere -6.4644 3.94734 0.3 0 0.15 Metal 0 0 0 0.9 0.8 0.1 0 0 0 0.2
Sphere -5.82492 -4.23205 0 0 0.4 Dielectric 0 0 0 0 0 0 0 0 0 0.7 0.8 0.9 1.5
Sphere -5.75175 -4.92822 0.3 0 0.15 Metal 0 0 0 0.9 0.8 0.1 0 0 0 0.2
Sphere 2.22492 -6.84761 0 0 0.4 Dielectric 0 0 0 0 0 0 0 0 0 0.7 0.8 0.9 1.5
Sphere 2.90963 -6.99314 0.3 0 0.15 Metal 0 0 0 0.9 0.8 0.1 0 0 0 0.2
Sphere 4.2655e-16 6.96609 4.02187 0 0.5 Emissive 0 0 0 0 0 0 3.2 3.2 1.6
Sphere -6.62515 2.15264 4.02187 0 0.5 Emissive 0 0 0 0 0 0 3.96085 2.64721 1.12977
Sphere -4.09457 -5.63569 4.02187 0 0.5 Emissive 0 0 0 0 0 0 3.67023 1.75279 2.36085
Sphere 4.09457 -5.63569 4.02187 0 0.5 Emissive 0 0 0 0 0 0 2.72977 1.75279 0.839155
Sphere 6.62515 2.15264 4.02187 0 0.5 Emissive 0 0 0 0 0 0 2.43915 2.64721 2.07023
Plane 0 0 -8 0 0 0 1 Metal 0 0 0 0.85 0.85 0.9 0 0 0 0.2
