Sphere 1.35 0 -2.4 0 1.2 Metal 0 0 0 0.8 0.8 0.9 0 0 0 0.1
Sphere -0.675 1.16913 -2.4 0 1.2 Metal 0 0 0 0.7 0.7 0.8 0 0 0 0.2
Sphere -0.675 -1.16913 -2.4 0 1.2 Metal 0 0 0 0.6 0.6 0.75 0 0 0 0.3
Sphere 1.5 0 -0.8 0 0.225 Metal 0 0 0 0.8 0.8 0.9 0 0 0 0.1
Sphere 1.29904 0.75 -0.7 0 0.225 Metal 0 0 0 0.7 0.7 0.8 0 0 0 0.2
Sphere 0.75 1.29904 -0.8 0 0.225 Metal 0 0 0 0.6 0.6 0.75 0 0 0 0.3
Sphere 9.18485e-17 1.5 -0.9 0 0.225 Metal 0 0 0 0.85 0.8 0.7 0 0 0 0.15
Sphere -0.75 1.29904 -0.8 0 0.225 Metal 0 0 0 0.75 0.7 0.85 0 0 0 0.25
Sphere -1.29904 0.75 -0.7 0 0.225 Metal 0 0 0 0.8 0.8 0.9 0 0 0 0.1
Sphere -1.5 1.83697e-16 -0.8 0 0.225 Metal 0 0 0 0.7 0.7 0.8 0 0 0 0.2
Sphere -1.29904 -0.75 -0.9 0 0.225 Metal 0 0 0 0.6 0.6 0.75 0 0 0 0.3
Sphere -0.75 -1.29904 -0.8 0 0.225 Metal 0 0 0 0.85 0.8 0.7 0 0 0 0.15
Sphere -2.75546e-16 -1.5 -0.7 0 0.225 Metal 0 0 0 0.75 0.7 0.85 0 0 0 0.25
Sphere 0.75 -1.29904 -0.8 0 0.225 Metal 0 0 0 0.8 0.8 0.9 0 0 0 0.1
Sphere 1.29904 -0.75 -0.9 0 0.225 Metal 0 0 0 0.7 0.7 0.8 0 0 0 0.2
Sphere 1.4182 0.223584 -0.0318481 0 0.215357 Metal 0 0 0 0.3 0.6 0.9 0 0 0 0.3
Sphere 1.1164 0.902728 -0.0576815 0 0.215357 Metal 0 0 0 0.6 0.6 0.75 0 0 0 0.3
Sphere 0.51547 1.33999 -0.196723 0 0.215357 Metal 0 0 0 0.85 0.8 0.7 0 0 0 0.15
Sphere -0.223584 1.4182 -0.17089 0 0.215357 Metal 0 0 0 0.9 0.3 0.3 0 0 0 0.3
Sphere -0.902728 1.1164 -0.0318481 0 0.215357 Metal 0 0 0 0.8 0.8 0.9 0 0 0 0.1
Sphere -1.33999 0.51547 -0.0576815 0 0.215357 Metal 0 0 0 0.7 0.7 0.8 0 0 0 0.2
Sphere -1.4182 -0.223584 -0.196723 0 0.215357 Metal 0 0 0 0.9 0.8 0.2 0 0 0 0.4
Sphere -1.1164 -0.902728 -0.17089 0 0.215357 Metal 0 0 0 0.85 0.8 0.7 0 0 0 0.15
Sphere -0.51547 -1.33999 -0.0318481 0 0.215357 Metal 0 0 0 0.75 0.7 0.85 0 0 0 0.25
Sphere 0.223584 -1.4182 -0.0576815 0 0.215357 Metal 0 0 0 0.3 0.8 0.4 0 0 0 0.3
Sphere 0.902728 -1.1164 -0.196723 0 0.215357 Metal 0 0 0 0.7 0.7 0.8 0 0 0 0.2
Sphere 1.33999 -0.51547 -0.17089 0 0.215357 Metal 0 0 0 0.6 0.6 0.75 0 0 0 0.3
Sphere 1.34544 0.265718 0.671419 0 0.205714 Metal 0 0 0 0.6 0.6 0.75 0 0 0 0.3
Sphere 1.03233 0.902838 0.570013 0 0.205714 Metal 0 0 0 0.85 0.8 0.7 0 0 0 0.15
Sphere 0.442602 1.29804 0.471439 0 0.205714 Metal 0 0 0 0.75 0.7 0.85 0 0 0 0.25
Sphere -0.265718 1.34544 0.572845 0 0.205714 Metal 0 0 0 0.8 0.8 0.9 0 0 0 0.1
Sphere -0.902838 1.03233 0.671419 0 0.205714 Metal 0 0 0 0.7 0.7 0.8 0 0 0 0.2
Sphere -1.29804 0.442602 0.570013 0 0.205714 Metal 0 0 0 0.6 0.6 0.75 0 0 0 0.3
Sphere -1.34544 -0.265718 0.471439 0 0.205714 Metal 0 0 0 0.85 0.8 0.7 0 0 0 0.15
Sphere -1.03233 -0.902838 0.572845 0 0.205714 Metal 0 0 0 0.75 0.7 0.85 0 0 0 0.25
Sphere -0.442602 -1.29804 0.671419 0 0.205714 Metal 0 0 0 0.8 0.8 0.9 0 0 0 0.1
Sphere 0.265718 -1.34544 0.570013 0 0.205714 Metal 0 0 0 0.7 0.7 0.8 0 0 0 0.2
Sphere 0.902838 -1.03233 0.471439 0 0.205714 Metal 0 0 0 0.6 0.6 0.75 0 0 0 0.3
Sphere 1.29804 -0.442602 0.572845 0 0.205714 Metal 0 0 0 0.85 0.8 0.7 0 0 0 0.15
Sphere 1.30222 0.113287 1.35535 0 0.196071 Metal 0 0 0 0.85 0.8 0.7 0 0 0 0.15
Sphere 1.07112 0.749222 1.2383 0 0.196071 Metal 0 0 0 0.75 0.7 0.85 0 0 0 0.25
Sphere 0.553003 1.1844 1.15893 0 0.196071 Metal 0 0 0 0.8 0.8 0.9 0 0 0 0.1
Sphere -0.113287 1.30222 1.27598 0 0.196071 Metal 0 0 0 0.7 0.7 0.8 0 0 0 0.2
Sphere -0.749222 1.07112 1.35535 0 0.196071 Metal 0 0 0 0.6 0.6 0.75 0 0 0 0.3
Sphere -1.1844 0.553003 1.2383 0 0.196071 Metal 0 0 0 0.85 0.8 0.7 0 0 0 0.15
Sphere -1.30222 -0.113287 1.15893 0 0.196071 Metal 0 0 0 0.75 0.7 0.85 0 0 0 0.25
Sphere -1.07112 -0.749222 1.27598 0 0.196071 Metal 0 0 0 0.8 0.8 0.9 0 0 0 0.1
Sphere -0.553003 -1.1844 1.35535 0 0.196071 Metal 0 0 0 0.7 0.7 0.8 0 0 0 0.2
Sphere 0.113287 -1.30222 1.2383 0 0.196071 Metal 0 0 0 0.6 0.6 0.75 0 0 0 0.3
Sphere 0.749222 -1.07112 1.15893 0 0.196071 Metal 0 0 0 0.85 0.8 0.7 0 0 0 0.15
Sphere 1.1844 -0.553003 1.27598 0 0.196071 Metal 0 0 0 0.75 0.7 0.85 0 0 0 0.25
Sphere 1.23818 -0.107716 2.04143 0 0.186429 Metal 0 0 0 0.75 0.7 0.85 0 0 0 0.25
Sphere 1.09986 0.578795 1.91219 0 0.186429 Metal 0 0 0 0.8 0.8 0.9 0 0 0 0.1
Sphere 0.612341 1.08154 1.85301 0 0.186429 Metal 0 0 0 0.7 0.7 0.8 0 0 0 0.2
Sphere -0.0695921 1.24091 1.9991 0 0.186429 Metal 0 0 0 0.6 0.6 0.75 0 0 0 0.3
Sphere -0.72943 1.00629 2.0167 0 0.186429 Metal 0 0 0 0.85 0.8 0.7 0 0 0 0.15
Sphere -1.15768 0.452188 1.8656 0 0.186429 Metal 0 0 0 0.75 0.7 0.85 0 0 0 0.25
Sphere -1.21837 -0.245483 1.891 0 0.186429 Metal 0 0 0 0.8 0.8 0.9 0 0 0 0.1
Sphere -0.892242 -0.865216 2.03487 0 0.186429 Metal 0 0 0 0.7 0.7 0.8 0 0 0 0.2
Sphere -0.282831 -1.21025 1.96852 0 0.186429 Metal 0 0 0 0.6 0.6 0.75 0 0 0 0.3
Sphere 0.416377 -1.17104 1.84354 0 0.186429 Metal 0 0 0 0.85 0.8 0.7 0 0 0 0.15
Sphere 0.983388 -0.760027 1.94546 0 0.186429 Metal 0 0 0 0.75 0.7 0.85 0 0 0 0.25
Sphere 1.15624 -0.228351 2.7227 0 0.176786 Metal 0 0 0 0.3 0.6 0.9 0 0 0 0.3
Sphere 1.09615 0.433008 2.58177 0 0.176786 Metal 0 0 0 0.7 0.7 0.8 0 0 0 0.2
Sphere 0.688034 0.956891 2.54776 0 0.176786 Metal 0 0 0 0.6 0.6 0.75 0 0 0 0.3
Sphere 0.0614769 1.17697 2.69837 0 0.176786 Metal 0 0 0 0.9 0.3 0.3 0 0 0 0.3
Sphere -0.584599 1.02336 2.68952 0 0.176786 Metal 0 0 0 0.75 0.7 0.85 0 0 0 0.25
Sphere -1.04507 0.544851 2.54142 0 0.176786 Metal 0 0 0 0.8 0.8 0.9 0 0 0 0.1
Sphere -1.17374 -0.106649 2.59243 0 0.176786 Metal 0 0 0 0.9 0.8 0.2 0 0 0 0.4
Sphere -0.929751 -0.724288 2.72601 0 0.176786 Metal 0 0 0 0.6 0.6 0.75 0 0 0 0.3
Sphere -0.390577 -1.11197 2.63698 0 0.176786 Metal 0 0 0 0.85 0.8 0.7 0 0 0 0.15
Sphere 0.272603 -1.14661 2.52874 0 0.176786 Metal 0 0 0 0.3 0.8 0.4 0 0 0 0.3
Sphere 0.849233 -0.817211 2.64858 0 0.176786 Metal 0 0 0 0.8 0.8 0.9 0 0 0 0.1
Sphere 1.10069 -0.173528 3.37163 0 0.167143 Metal 0 0 0 0.7 0.7 0.8 0 0 0 0.2
Sphere 1.01978 0.449098 3.22503 0 0.167143 Metal 0 0 0 0.6 0.6 0.75 0 0 0 0.3
Sphere 0.61509 0.929138 3.28235 0 0.167143 Metal 0 0 0 0.85 0.8 0.7 0 0 0 0.15
Sphere 0.0151166 1.11418 3.41263 0 0.167143 Metal 0 0 0 0.75 0.7 0.85 0 0 0 0.25
Sphere -0.589656 0.945483 3.31823 0 0.167143 Metal 0 0 0 0.8 0.8 0.9 0 0 0 0.1
Sphere -1.00722 0.476599 3.21482 0 0.167143 Metal 0 0 0 0.7 0.7 0.8 0 0 0 0.2
Sphere -1.10499 -0.143602 3.33865 0 0.167143 Metal 0 0 0 0.6 0.6 0.75 0 0 0 0.3
Sphere -0.851943 -0.71821 3.40682 0 0.167143 Metal 0 0 0 0.85 0.8 0.7 0 0 0 0.15
Sphere -0.328406 -1.06479 3.26359 0 0.167143 Metal 0 0 0 0.75 0.7 0.85 0 0 0 0.25
Sphere 0.299397 -1.07331 3.23618 0 0.167143 Metal 0 0 0 0.8 0.8 0.9 0 0 0 0.1
Sphere 0.832144 -0.741059 3.38722 0 0.167143 Metal 0 0 0 0.7 0.7 0.8 0 0 0 0.2
Sphere 1.05 -5.14352e-17 3.96492 0 0.1575 Metal 0 0 0 0.6 0.6 0.75 0 0 0 0.3
Sphere 0.849468 0.617175 3.92178 0 0.1575 Metal 0 0 0 0.85 0.8 0.7 0 0 0 0.15
Sphere 0.324468 0.998609 4.08342 0 0.1575 Metal 0 0 0 0.75 0.7 0.85 0 0 0 0.25
Sphere -0.324468 0.998609 4.02666 0 0.1575 Metal 0 0 0 0.8 0.8 0.9 0 0 0 0.1
Sphere -0.849468 0.617175 3.9001 0 0.1575 Metal 0 0 0 0.7 0.7 0.8 0 0 0 0.2
Sphere -1.05 1.28588e-16 4.03508 0 0.1575 Metal 0 0 0 0.6 0.6 0.75 0 0 0 0.3
Sphere -0.849468 -0.617175 4.07822 0 0.1575 Metal 0 0 0 0.85 0.8 0.7 0 0 0 0.15
Sphere -0.324468 -0.998609 3.91658 0 0.1575 Metal 0 0 0 0.75 0.7 0.85 0 0 0 0.25
Sphere 0.324468 -0.998609 3.97334 0 0.1575 Metal 0 0 0 0.8 0.8 0.9 0 0 0 0.1
Sphere 0.849468 -0.617175 4.0999 0 0.1575 Metal 0 0 0 0.7 0.7 0.8 0 0 0 0.2
Sphere 0.973688 0.153505 4.58866 0 0.147857 Metal 0 0 0 0.85 0.8 0.7 0 0 0 0.15
Sphere 0.697502 0.696508 4.6928 0 0.147857 Metal 0 0 0 0.75 0.7 0.85 0 0 0 0.25
Sphere 0.154894 0.973468 4.77839 0 0.147857 Metal 0 0 0 0.8 0.8 0.9 0 0 0 0.1
Sphere -0.446878 0.878597 4.62135 0 0.147857 Metal 0 0 0 0.7 0.7 0.8 0 0 0 0.2
Sphere -0.877958 0.448131 4.63281 0 0.147857 Metal 0 0 0 0.6 0.6 0.75 0 0 0 0.3
Sphere -0.973688 -0.153505 4.78277 0 0.147857 Metal 0 0 0 0.85 0.8 0.7 0 0 0 0.15
Sphere -0.697502 -0.696508 4.67863 0 0.147857 Metal 0 0 0 0.75 0.7 0.85 0 0 0 0.25
Sphere -0.154894 -0.973468 4.59304 0 0.147857 Metal 0 0 0 0.8 0.8 0.9 0 0 0 0.1
Sphere 0.446878 -0.878597 4.75007 0 0.147857 Metal 0 0 0 0.7 0.7 0.8 0 0 0 0.2
Sphere 0.877958 -0.448131 4.73862 0 0.147857 Metal 0 0 0 0.6 0.6 0.75 0 0 0 0.3
Sphere 0.903968 0.178529 5.27829 0 0.138214 Metal 0 0 0 0.3 0.6 0.9 0 0 0 0.3
Sphere 0.626389 0.675772 5.43483 0 0.138214 Metal 0 0 0 0.8 0.8 0.9 0 0 0 0.1
Sphere 0.10955 0.914893 5.42538 0 0.138214 Metal 0 0 0 0.7 0.7 0.8 0 0 0 0.2
Sphere -0.449133 0.804556 5.27468 0 0.138214 Metal 0 0 0 0.9 0.3 0.3 0 0 0 0.3
Sphere -0.836262 0.386906 5.37727 0 0.138214 Metal 0 0 0 0.85 0.8 0.7 0 0 0 0.15
Sphere -0.903968 -0.178529 5.46457 0 0.138214 Metal 0 0 0 0.75 0.7 0.85 0 0 0 0.25
Sphere -0.626389 -0.675772 5.30803 0 0.138214 Metal 0 0 0 0.9 0.8 0.2 0 0 0 0.4
Sphere -0.10955 -0.914893 5.31747 0 0.138214 Metal 0 0 0 0.7 0.7 0.8 0 0 0 0.2
Sphere 0.449133 -0.804556 5.46818 0 0.138214 Metal 0 0 0 0.6 0.6 0.75 0 0 0 0.3
Sphere 0.836262 -0.386906 5.36559 0 0.138214 Metal 0 0 0 0.3 0.8 0.4 0 0 0 0.3
Sphere 0.853918 0.0742868 5.97178 0 0.128571 Metal 0 0 0 0.8 0.8 0.9 0 0 0 0.1
Sphere 0.647169 0.562019 6.13306 0 0.128571 Metal 0 0 0 0.7 0.7 0.8 0 0 0 0.2
Sphere 0.193224 0.83508 6.09558 0 0.128571 Metal 0 0 0 0.6 0.6 0.75 0 0 0 0.3
Sphere -0.334526 0.789168 5.95747 0 0.128571 Metal 0 0 0 0.85 0.8 0.7 0 0 0 0.15
Sphere -0.734499 0.441821 6.08031 0 0.128571 Metal 0 0 0 0.75 0.7 0.85 0 0 0 0.25
Sphere -0.853918 -0.0742868 6.1425 0 0.128571 Metal 0 0 0 0.8 0.8 0.9 0 0 0 0.1
Sphere -0.647169 -0.562019 5.98122 0 0.128571 Metal 0 0 0 0.7 0.7 0.8 0 0 0 0.2
Sphere -0.193224 -0.83508 6.0187 0 0.128571 Metal 0 0 0 0.6 0.6 0.75 0 0 0 0.3
Sphere 0.334526 -0.789168 6.15682 0 0.128571 Metal 0 0 0 0.85 0.8 0.7 0 0 0 0.15
Sphere 0.734499 -0.441821 6.03398 0 0.128571 Metal 0 0 0 0.75 0.7 0.85 0 0 0 0.25
Sphere 0.789874 -0.0687153 6.65644 0 0.118929 Metal 0 0 0 0.7 0.7 0.8 0 0 0 0.2
Sphere 0.649248 0.455082 6.82964 0 0.118929 Metal 0 0 0 0.6 0.6 0.75 0 0 0 0.3
Sphere 0.204831 0.765942 6.74249 0 0.118929 Metal 0 0 0 0.85 0.8 0.7 0 0 0 0.15
Sphere -0.335428 0.718408 6.65644 0 0.118929 Metal 0 0 0 0.75 0.7 0.85 0 0 0 0.25
Sphere -0.718737 0.334724 6.82964 0 0.118929 Metal 0 0 0 0.8 0.8 0.9 0 0 0 0.1
Sphere -0.765741 -0.205582 6.74249 0 0.118929 Metal 0 0 0 0.7 0.7 0.8 0 0 0 0.2
Sphere -0.454446 -0.649693 6.65644 0 0.118929 Metal 0 0 0 0.6 0.6 0.75 0 0 0 0.3
Sphere 0.0694888 -0.789806 6.82964 0 0.118929 Metal 0 0 0 0.85 0.8 0.7 0 0 0 0.15
Sphere 0.560909 -0.56036 6.74249 0 0.118929 Metal 0 0 0 0.75 0.7 0.85 0 0 0 0.25
Sphere 0.714765 -0.141162 7.35226 0 0.109286 Metal 0 0 0 0.6 0.6 0.75 0 0 0 0.3
Sphere 0.638279 0.351306 7.52269 0 0.109286 Metal 0 0 0 0.85 0.8 0.7 0 0 0 0.15
Sphere 0.263136 0.679394 7.41076 0 0.109286 Metal 0 0 0 0.75 0.7 0.85 0 0 0 0.25
Sphere -0.235132 0.689586 7.35226 0 0.109286 Metal 0 0 0 0.8 0.8 0.9 0 0 0 0.1
Sphere -0.623379 0.377113 7.52269 0 0.109286 Metal 0 0 0 0.7 0.7 0.8 0 0 0 0.2
Sphere -0.71994 -0.111815 7.41076 0 0.109286 Metal 0 0 0 0.6 0.6 0.75 0 0 0 0.3
Sphere -0.479633 -0.548424 7.35226 0 0.109286 Metal 0 0 0 0.85 0.8 0.7 0 0 0 0.15
Sphere -0.0149002 -0.728419 7.52269 0 0.109286 Metal 0 0 0 0.75 0.7 0.85 0 0 0 0.25
Sphere 0.456805 -0.567579 7.41076 0 0.109286 Metal 0 0 0 0.8 0.8 0.9 0 0 0 0.1
Sphere 0.656181 -0.103449 8.08932 0 0.0996429 Metal 0 0 0 0.3 0.6 0.9 0 0 0 0.3
Sphere 0.56916 0.342539 8.21063 0 0.0996429 Metal 0 0 0 0.75 0.7 0.85 0 0 0 0.25
Sphere 0.215822 0.628249 8.04291 0 0.0996429 Metal 0 0 0 0.8 0.8 0.9 0 0 0 0.1
Sphere -0.238501 0.619994 8.08932 0 0.0996429 Metal 0 0 0 0.9 0.3 0.3 0 0 0 0.3
Sphere -0.581227 0.321638 8.21063 0 0.0996429 Metal 0 0 0 0.6 0.6 0.75 0 0 0 0.3
Sphere -0.65199 -0.127217 8.04291 0 0.0996429 Metal 0 0 0 0.85 0.8 0.7 0 0 0 0.15
Sphere -0.41768 -0.516545 8.08932 0 0.0996429 Metal 0 0 0 0.9 0.8 0.2 0 0 0 0.4
Sphere 0.0120672 -0.664176 8.21063 0 0.0996429 Metal 0 0 0 0.8 0.8 0.9 0 0 0 0.1
Sphere 0.436168 -0.501032 8.04291 0 0.0996429 Metal 0 0 0 0.7 0.7 0.8 0 0 0 0.2
Sphere 0.6 -5.8783e-17 8.8657 0 0.09 Metal 0 0 0 0.3 0.8 0.4 0 0 0 0.3
Sphere 0.424264 0.424264 8.80685 0 0.09 Metal 0 0 0 0.9 0.8 0.2 0 0 0 0.4
Sphere 3.67394e-17 0.6 8.72461 0 0.09 Metal 0 0 0 0.9 0.3 0.3 0 0 0 0.3
Sphere -0.424264 0.424264 8.89977 0 0.09 Metal 0 0 0 0.3 0.6 0.9 0 0 0 0.3
Sphere -0.6 7.34788e-17 8.7343 0 0.09 Metal 0 0 0 0.3 0.8 0.4 0 0 0 0.3
Sphere -0.424264 -0.424264 8.79315 0 0.09 Metal 0 0 0 0.9 0.8 0.2 0 0 0 0.4
Sphere -1.10218e-16 -0.6 8.87539 0 0.09 Metal 0 0 0 0.9 0.3 0.3 0 0 0 0.3
Sphere 0.424264 -0.424264 8.70024 0 0.09 Metal 0 0 0 0.3 0.6 0.9 0 0 0 0.3
Sphere 0 0 9.2 0 0.162 Metal 0 0 0 0.8 0.8 0.9 0 0 0 0.1
Sphere 0 0 9.2 0 0.162 Metal 0 0 0 0.7 0.7 0.8 0 0 0 0.2
Sphere -0 0 9.2 0 0.162 Metal 0 0 0 0.6 0.6 0.75 0 0 0 0.3
Sphere -0 0 9.2 0 0.162 Metal 0 0 0 0.85 0.8 0.7 0 0 0 0.15
Sphere -0 -0 9.2 0 0.162 Metal 0 0 0 0.75 0.7 0.85 0 0 0 0.25
Sphere 0 -0 9.2 0 0.162 Metal 0 0 0 0.8 0.8 0.9 0 0 0 0.1
Sphere 0.349406 0 9.246 0 0.162 Metal 0 0 0 0.7 0.7 0.8 0 0 0 0.2
Sphere 0.174703 0.302594 9.246 0 0.162 Metal 0 0 0 0.6 0.6 0.75 0 0 0 0.3
Sphere -0.174703 0.302594 9.246 0 0.162 Metal 0 0 0 0.85 0.8 0.7 0 0 0 0.15
Sphere -0.349406 4.27899e-17 9.246 0 0.162 Metal 0 0 0 0.75 0.7 0.85 0 0 0 0.25
Sphere -0.174703 -0.302594 9.246 0 0.162 Metal 0 0 0 0.8 0.8 0.9 0 0 0 0.1
Sphere 0.174703 -0.302594 9.246 0 0.162 Metal 0 0 0 0.7 0.7 0.8 0 0 0 0.2
Sphere 0.675 0 9.38087 0 0.162 Metal 0 0 0 0.6 0.6 0.75 0 0 0 0.3
Sphere 0.3375 0.584567 9.38087 0 0.162 Metal 0 0 0 0.85 0.8 0.7 0 0 0 0.15
Sphere -0.3375 0.584567 9.38087 0 0.162 Metal 0 0 0 0.75 0.7 0.85 0 0 0 0.25
Sphere -0.675 8.26637e-17 9.38087 0 0.162 Metal 0 0 0 0.8 0.8 0.9 0 0 0 0.1
Sphere -0.3375 -0.584567 9.38087 0 0.162 Metal 0 0 0 0.7 0.7 0.8 0 0 0 0.2
Sphere 0.3375 -0.584567 9.38087 0 0.162 Metal 0 0 0 0.6 0.6 0.75 0 0 0 0.3
Sphere 0.954594 0 9.59541 0 0.162 Metal 0 0 0 0.85 0.8 0.7 0 0 0 0.15
Sphere 0.675 0.675 9.59541 0 0.162 Metal 0 0 0 0.75 0.7 0.85 0 0 0 0.25
Sphere 5.8452e-17 0.954594 9.59541 0 0.162 Metal 0 0 0 0.8 0.8 0.9 0 0 0 0.1
Sphere -0.675 0.675 9.59541 0 0.162 Metal 0 0 0 0.7 0.7 0.8 0 0 0 0.2
Sphere -0.954594 1.16904e-16 9.59541 0 0.162 Metal 0 0 0 0.6 0.6 0.75 0 0 0 0.3
Sphere -0.675 -0.675 9.59541 0 0.162 Metal 0 0 0 0.85 0.8 0.7 0 0 0 0.15
Sphere -1.75356e-16 -0.954594 9.59541 0 0.162 Metal 0 0 0 0.75 0.7 0.85 0 0 0 0.25
Sphere 0.675 -0.675 9.59541 0 0.162 Metal 0 0 0 0.8 0.8 0.9 0 0 0 0.1
Sphere 1.16913 0 9.875 0 0.162 Metal 0 0 0 0.9 0.8 0.2 0 0 0 0.4
Sphere 0.94585 0.6872 9.875 0 0.162 Metal 0 0 0 0.9 0.8 0.2 0 0 0 0.4
Sphere 0.361282 1.11191 9.875 0 0.162 Metal 0 0 0 0.9 0.8 0.2 0 0 0 0.4
Sphere -0.361282 1.11191 9.875 0 0.162 Metal 0 0 0 0.9 0.8 0.2 0 0 0 0.4
Sphere -0.94585 0.6872 9.875 0 0.162 Metal 0 0 0 0.9 0.8 0.2 0 0 0 0.4
Sphere -1.16913 1.43178e-16 9.875 0 0.162 Metal 0 0 0 0.9 0.8 0.2 0 0 0 0.4
Sphere -0.94585 -0.6872 9.875 0 0.162 Metal 0 0 0 0.9 0.8 0.2 0 0 0 0.4
Sphere -0.361282 -1.11191 9.875 0 0.162 Metal 0 0 0 0.9 0.8 0.2 0 0 0 0.4
Sphere 0.361282 -1.11191 9.875 0 0.162 Metal 0 0 0 0.9 0.8 0.2 0 0 0 0.4
Sphere 0.94585 -0.6872 9.875 0 0.162 Metal 0 0 0 0.9 0.8 0.2 0 0 0 0.4
Sphere 1.304 0 10.2006 0 0.162 Emissive 0 0 0 0 0 0 3 0.9 0.9
Sphere 1.09699 0.704996 10.2006 0 0.162 Emissive 0 0 0 0 0 0 3 0.9 0.9
Sphere 0.541701 1.18616 10.2006 0 0.162 Emissive 0 0 0 0 0 0 3 0.9 0.9
Sphere -0.185579 1.29073 10.2006 0 0.162 Emissive 0 0 0 0 0 0 3 0.9 0.9
Sphere -0.853938 0.985497 10.2006 0 0.162 Emissive 0 0 0 0 0 0 3 0.9 0.9
Plane 0 0 -3.2 0 0 0 1 Metal 0 0 0 0.7 0.7 0.75 0 0 0 0.2
