Polygon 0 0 -5 0 3 0 0 -5 50 0 -5 25 50 -5 Lambertian 0.1 0.3 0.1 0 0 0 0 0 0
Polygon 0 0 30 0 3 0 0 30 50 0 30 25 50 30 Emissive 0 0 0 0 0 0 0.05 0.075 0.15
Polygon 4 4 -5 0 3 4 4 -5 6 4 -5 5 5 -2 Metal 0 0 0 0.2 0.3 0.6 0 0 0 0.2
Polygon 6 4 -5 0 3 6 4 -5 5 6 -5 5 5 -2 Metal 0 0 0 0.2 0.3 0.6 0 0 0 0.2
Polygon 5 6 -5 0 3 5 6 -5 4 4 -5 5 5 -2 Metal 0 0 0 0.2 0.3 0.6 0 0 0 0.2
Polygon 4.7 4.7 -4.1 0 3 4.7 4.7 -4.1 5.3 4.7 -4.1 5 5.3 -4.1 Emissive 0 0 0 0 0 0 2 1.6 1.2
Polygon 14 4 -5 0 3 14 4 -5 16 4 -5 15 5 0 Metal 0 0 0 0.6 0.2 0.3 0 0 0 0.3
Polygon 16 4 -5 0 3 16 4 -5 15 6 -5 15 5 0 Metal 0 0 0 0.6 0.2 0.3 0 0 0 0.3
Polygon 15 6 -5 0 3 15 6 -5 14 4 -5 15 5 0 Metal 0 0 0 0.6 0.2 0.3 0 0 0 0.3
Polygon 24 4 -5 0 3 24 4 -5 26 4 -5 25 5 2 Metal 0 0 0 0.3 0.6 0.2 0 0 0 0.15
Polygon 26 4 -5 0 3 26 4 -5 25 6 -5 25 5 2 Metal 0 0 0 0.3 0.6 0.2 0 0 0 0.15
Polygon 25 6 -5 0 3 25 6 -5 24 4 -5 25 5 2 Metal 0 0 0 0.3 0.6 0.2 0 0 0 0.15
Polygon 34 4 -5 0 3 34 4 -5 36 4 -5 35 5 4 Metal 0 0 0 0.8 0.7 0.2 0 0 0 0.25
Polygon 36 4 -5 0 3 36 4 -5 35 6 -5 35 5 4 Metal 0 0 0 0.8 0.7 0.2 0 0 0 0.25
Polygon 35 6 -5 0 3 35 6 -5 34 4 -5 35 5 4 Metal 0 0 0 0.8 0.7 0.2 0 0 0 0.25
Polygon 34.7 4.7 -2.3 0 3 34.7 4.7 -2.3 35.3 4.7 -2.3 35 5.3 -2.3 Emissive 0 0 0 0 0 0 1.2 1.6 2
Polygon 44 4 -5 0 3 44 4 -5 46 4 -5 45 5 -2 Metal 0 0 0 0.7 0.7 0.9 0 0 0 0.1
Polygon 46 4 -5 0 3 46 4 -5 45 6 -5 45 5 -2 Metal 0 0 0 0.7 0.7 0.9 0 0 0 0.1
Polygon 45 6 -5 0 3 45 6 -5 44 4 -5 45 5 -2 Metal 0 0 0 0.7 0.7 0.9 0 0 0 0.1
Polygon 4 14 -5 0 3 4 14 -5 6 14 -5 5 15 0 Dielectric 0 0 0 0 0 0 0 0 0 0.9 0.95 1 1.5
Polygon 6 14 -5 0 3 6 14 -5 5 16 -5 5 15 0 Dielectric 0 0 0 0 0 0 0 0 0 0.9 0.95 1 1.5
Polygon 5 16 -5 0 3 5 16 -5 4 14 -5 5 15 0 Dielectric 0 0 0 0 0 0 0 0 0 0.9 0.95 1 1.5
Polygon 14 14 -5 0 3 14 14 -5 16 14 -5 15 15 2 Dielectric 0 0 0 0 0 0 0 0 0 1 0.95 0.9 1.4
Polygon 16 14 -5 0 3 16 14 -5 15 16 -5 15 15 2 Dielectric 0 0 0 0 0 0 0 0 0 1 0.95 0.9 1.4
Polygon 15 16 -5 0 3 15 16 -5 14 14 -5 15 15 2 Dielectric 0 0 0 0 0 0 0 0 0 1 0.95 0.9 1.4
Polygon 24 14 -5 0 3 24 14 -5 26 14 -5 25 15 4 Metal 0 0 0 0.2 0.3 0.6 0 0 0 0.2
Polygon 26 14 -5 0 3 26 14 -5 25 16 -5 25 15 4 Metal 0 0 0 0.2 0.3 0.6 0 0 0 0.2
Polygon 25 16 -5 0 3 25 16 -5 24 14 -5 25 15 4 Metal 0 0 0 0.2 0.3 0.6 0 0 0 0.2
Polygon 24.7 14.7 -2.3 0 3 24.7 14.7 -2.3 25.3 14.7 -2.3 25 15.3 -2.3 Emissive 0 0 0 0 0 0 1.2 1.6 2
Polygon 34 14 -5 0 3 34 14 -5 36 14 -5 35 15 -2 Metal 0 0 0 0.6 0.2 0.3 0 0 0 0.3
Polygon 36 14 -5 0 3 36 14 -5 35 16 -5 35 15 -2 Metal 0 0 0 0.6 0.2 0.3 0 0 0 0.3
Polygon 35 16 -5 0 3 35 16 -5 34 14 -5 35 15 -2 Metal 0 0 0 0.6 0.2 0.3 0 0 0 0.3
Polygon 44 14 -5 0 3 44 14 -5 46 14 -5 45 15 0 Metal 0 0 0 0.3 0.6 0.2 0 0 0 0.15
Polygon 46 14 -5 0 3 46 14 -5 45 16 -5 45 15 0 Metal 0 0 0 0.3 0.6 0.2 0 0 0 0.15
Polygon 45 16 -5 0 3 45 16 -5 44 14 -5 45 15 0 Metal 0 0 0 0.3 0.6 0.2 0 0 0 0.15
Polygon 4 24 -5 0 3 4 24 -5 6 24 -5 5 25 2 Metal 0 0 0 0.8 0.7 0.2 0 0 0 0.25
Polygon 6 24 -5 0 3 6 24 -5 5 26 -5 5 25 2 Metal 0 0 0 0.8 0.7 0.2 0 0 0 0.25
Polygon 5 26 -5 0 3 5 26 -5 4 24 -5 5 25 2 Metal 0 0 0 0.8 0.7 0.2 0 0 0 0.25
Polygon 14 24 -5 0 3 14 24 -5 16 24 -5 15 25 4 Metal 0 0 0 0.7 0.7 0.9 0 0 0 0.1
Polygon 16 24 -5 0 3 16 24 -5 15 26 -5 15 25 4 Metal 0 0 0 0.7 0.7 0.9 0 0 0 0.1
Polygon 15 26 -5 0 3 15 26 -5 14 24 -5 15 25 4 Metal 0 0 0 0.7 0.7 0.9 0 0 0 0.1
Polygon 14.7 24.7 -2.3 0 3 14.7 24.7 -2.3 15.3 24.7 -2.3 15 25.3 -2.3 Emissive 0 0 0 0 0 0 1.2 1.6 2
Polygon 24 24 -5 0 3 24 24 -5 26 24 -5 25 25 -2 Dielectric 0 0 0 0 0 0 0 0 0 0.9 0.95 1 1.5
Polygon 26 24 -5 0 3 26 24 -5 25 26 -5 25 25 -2 Dielectric 0 0 0 0 0 0 0 0 0 0.9 0.95 1 1.5
Polygon 25 26 -5 0 3 25 26 -5 24 24 -5 25 25 -2 Dielectric 0 0 0 0 0 0 0 0 0 0.9 0.95 1 1.5
Polygon 34 24 -5 0 3 34 24 -5 36 24 -5 35 25 0 Dielectric 0 0 0 0 0 0 0 0 0 1 0.95 0.9 1.4
Polygon 36 24 -5 0 3 36 24 -5 35 26 -5 35 25 0 Dielectric 0 0 0 0 0 0 0 0 0 1 0.95 0.9 1.4
Polygon 35 26 -5 0 3 35 26 -5 34 24 -5 35 25 0 Dielectric 0 0 0 0 0 0 0 0 0 1 0.95 0.9 1.4
Polygon 44 24 -5 0 3 44 24 -5 46 24 -5 45 25 2 Metal 0 0 0 0.2 0.3 0.6 0 0 0 0.2
Polygon 46 24 -5 0 3 46 24 -5 45 26 -5 45 25 2 Metal 0 0 0 0.2 0.3 0.6 0 0 0 0.2
Polygon 45 26 -5 0 3 45 26 -5 44 24 -5 45 25 2 Metal 0 0 0 0.2 0.3 0.6 0 0 0 0.2
Polygon 44.7 24.7 -2.9 0 3 44.7 24.7 -2.9 45.3 24.7 -2.9 45 25.3 -2.9 Emissive 0 0 0 0 0 0 2 1.6 1.2
Polygon 4 34 -5 0 3 4 34 -5 6 34 -5 5 35 4 Metal 0 0 0 0.6 0.2 0.3 0 0 0 0.3
Polygon 6 34 -5 0 3 6 34 -5 5 36 -5 5 35 4 Metal 0 0 0 0.6 0.2 0.3 0 0 0 0.3
Polygon 5 36 -5 0 3 5 36 -5 4 34 -5 5 35 4 Metal 0 0 0 0.6 0.2 0.3 0 0 0 0.3
Polygon 4.7 34.7 -2.3 0 3 4.7 34.7 -2.3 5.3 34.7 -2.3 5 35.3 -2.3 Emissive 0 0 0 0 0 0 1.2 1.6 2
Polygon 14 34 -5 0 3 14 34 -5 16 34 -5 15 35 -2 Metal 0 0 0 0.3 0.6 0.2 0 0 0 0.15
Polygon 16 34 -5 0 3 16 34 -5 15 36 -5 15 35 -2 Metal 0 0 0 0.3 0.6 0.2 0 0 0 0.15
Polygon 15 36 -5 0 3 15 36 -5 14 34 -5 15 35 -2 Metal 0 0 0 0.3 0.6 0.2 0 0 0 0.15
Polygon 24 34 -5 0 3 24 34 -5 26 34 -5 25 35 0 Metal 0 0 0 0.8 0.7 0.2 0 0 0 0.25
Polygon 26 34 -5 0 3 26 34 -5 25 36 -5 25 35 0 Metal 0 0 0 0.8 0.7 0.2 0 0 0 0.25
Polygon 25 36 -5 0 3 25 36 -5 24 34 -5 25 35 0 Metal 0 0 0 0.8 0.7 0.2 0 0 0 0.25
Polygon 34 34 -5 0 3 34 34 -5 36 34 -5 35 35 2 Metal 0 0 0 0.7 0.7 0.9 0 0 0 0.1
Polygon 36 34 -5 0 3 36 34 -5 35 36 -5 35 35 2 Metal 0 0 0 0.7 0.7 0.9 0 0 0 0.1
Polygon 35 36 -5 0 3 35 36 -5 34 34 -5 35 35 2 Metal 0 0 0 0.7 0.7 0.9 0 0 0 0.1
Polygon 34.7 34.7 -2.9 0 3 34.7 34.7 -2.9 35.3 34.7 -2.9 35 35.3 -2.9 Emissive 0 0 0 0 0 0 2 1.6 1.2
Polygon 44 34 -5 0 3 44 34 -5 46 34 -5 45 35 4 Dielectric 0 0 0 0 0 0 0 0 0 0.9 0.95 1 1.5
Polygon 46 34 -5 0 3 46 34 -5 45 36 -5 45 35 4 Dielectric 0 0 0 0 0 0 0 0 0 0.9 0.95 1 1.5
Polygon 45 36 -5 0 3 45 36 -5 44 34 -5 45 35 4 Dielectric 0 0 0 0 0 0 0 0 0 0.9 0.95 1 1.5
Polygon 4 44 -5 0 3 4 44 -5 6 44 -5 5 45 -2 Dielectric 0 0 0 0 0 0 0 0 0 1 0.95 0.9 1.4
Polygon 6 44 -5 0 3 6 44 -5 5 46 -5 5 45 -2 Dielectric 0 0 0 0 0 0 0 0 0 1 0.95 0.9 1.4
Polygon 5 46 -5 0 3 5 46 -5 4 44 -5 5 45 -2 Dielectric 0 0 0 0 0 0 0 0 0 1 0.95 0.9 1.4
Polygon 14 44 -5 0 3 14 44 -5 16 44 -5 15 45 0 Metal 0 0 0 0.2 0.3 0.6 0 0 0 0.2
Polygon 16 44 -5 0 3 16 44 -5 15 46 -5 15 45 0 Metal 0 0 0 0.2 0.3 0.6 0 0 0 0.2
Polygon 15 46 -5 0 3 15 46 -5 14 44 -5 15 45 0 Metal 0 0 0 0.2 0.3 0.6 0 0 0 0.2
Polygon 24 44 -5 0 3 24 44 -5 26 44 -5 25 45 2 Metal 0 0 0 0.6 0.2 0.3 0 0 0 0.3
Polygon 26 44 -5 0 3 26 44 -5 25 46 -5 25 45 2 Metal 0 0 0 0.6 0.2 0.3 0 0 0 0.3
Polygon 25 46 -5 0 3 25 46 -5 24 44 -5 25 45 2 Metal 0 0 0 0.6 0.2 0.3 0 0 0 0.3
Polygon 24.7 44.7 -2.9 0 3 24.7 44.7 -2.9 25.3 44.7 -2.9 25 45.3 -2.9 Emissive 0 0 0 0 0 0 2 1.6 1.2
Polygon 34 44 -5 0 3 34 44 -5 36 44 -5 35 45 4 Metal 0 0 0 0.3 0.6 0.2 0 0 0 0.15
Polygon 36 44 -5 0 3 36 44 -5 35 46 -5 35 45 4 Metal 0 0 0 0.3 0.6 0.2 0 0 0 0.15
Polygon 35 46 -5 0 3 35 46 -5 34 44 -5 35 45 4 Metal 0 0 0 0.3 0.6 0.2 0 0 0 0.15
Polygon 44 44 -5 0 3 44 44 -5 46 44 -5 45 45 -2 Metal 0 0 0 0.8 0.7 0.2 0 0 0 0.25
Polygon 46 44 -5 0 3 46 44 -5 45 46 -5 45 45 -2 Metal 0 0 0 0.8 0.7 0.2 0 0 0 0.25
Polygon 45 46 -5 0 3 45 46 -5 44 44 -5 45 45 -2 Metal 0 0 0 0.8 0.7 0.2 0 0 0 0.25
Polygon 5 5 -3 0 3 5 5 -3 15 5 -3 5 5 -2.5 Metal 0 0 0 0.7 0.7 0.9 0 0 0 0.1
Polygon 15 5 -3 0 3 15 5 -3 5 5 -2.5 15 5 -2.5 Metal 0 0 0 0.7 0.7 0.9 0 0 0 0.1
Polygon 5 5 -3 0 3 5 5 -3 5 15 -3 5 5 -2.5 Metal 0 0 0 0.7 0.7 0.9 0 0 0 0.1
Polygon 5 15 -3 0 3 5 15 -3 5 5 -2.5 5 15 -2.5 Metal 0 0 0 0.7 0.7 0.9 0 0 0 0.1
Polygon 15 5 -3 0 3 15 5 -3 25 5 -3 15 5 -2.5 Metal 0 0 0 0.7 0.7 0.9 0 0 0 0.1
Polygon 25 5 -3 0 3 25 5 -3 15 5 -2.5 25 5 -2.5 Metal 0 0 0 0.7 0.7 0.9 0 0 0 0.1
Polygon 15 5 -3 0 3 15 5 -3 15 15 -3 15 5 -2.5 Metal 0 0 0 0.7 0.7 0.9 0 0 0 0.1
Polygon 15 15 -3 0 3 15 15 -3 15 5 -2.5 15 15 -2.5 Metal 0 0 0 0.7 0.7 0.9 0 0 0 0.1
Polygon 25 5 -3 0 3 25 5 -3 35 5 -3 25 5 -2.5 Metal 0 0 0 0.7 0.7 0.9 0 0 0 0.1
Polygon 35 5 -3 0 3 35 5 -3 25 5 -2.5 35 5 -2.5 Metal 0 0 0 0.7 0.7 0.9 0 0 0 0.1
Polygon 25 5 -3 0 3 25 5 -3 25 15 -3 25 5 -2.5 Metal 0 0 0 0.7 0.7 0.9 0 0 0 0.1
Polygon 25 15 -3 0 3 25 15 -3 25 5 -2.5 25 15 -2.5 Metal 0 0 0 0.7 0.7 0.9 0 0 0 0.1
Polygon 35 5 -3 0 3 35 5 -3 45 5 -3 35 5 -2.5 Metal 0 0 0 0.7 0.7 0.9 0 0 0 0.1
Polygon 45 5 -3 0 3 45 5 -3 35 5 -2.5 45 5 -2.5 Metal 0 0 0 0.7 0.7 0.9 0 0 0 0.1
Polygon 35 5 -3 0 3 35 5 -3 35 15 -3 35 5 -2.5 Metal 0 0 0 0.7 0.7 0.9 0 0 0 0.1
Polygon 35 15 -3 0 3 35 15 -3 35 5 -2.5 35 15 -2.5 Metal 0 0 0 0.7 0.7 0.9 0 0 0 0.1
Polygon 5 15 -3 0 3 5 15 -3 15 15 -3 5 15 -2.5 Metal 0 0 0 0.7 0.7 0.9 0 0 0 0.1
Polygon 15 15 -3 0 3 15 15 -3 5 15 -2.5 15 15 -2.5 Metal 0 0 0 0.7 0.7 0.9 0 0 0 0.1
Polygon 5 15 -3 0 3 5 15 -3 5 25 -3 5 15 -2.5 Metal 0 0 0 0.7 0.7 0.9 0 0 0 0.1
Polygon 5 25 -3 0 3 5 25 -3 5 15 -2.5 5 25 -2.5 Metal 0 0 0 0.7 0.7 0.9 0 0 0 0.1
Polygon 15 15 -3 0 3 15 15 -3 25 15 -3 15 15 -2.5 Metal 0 0 0 0.7 0.7 0.9 0 0 0 0.1
Polygon 25 15 -3 0 3 25 15 -3 15 15 -2.5 25 15 -2.5 Metal 0 0 0 0.7 0.7 0.9 0 0 0 0.1
Polygon 15 15 -3 0 3 15 15 -3 15 25 -3 15 15 -2.5 Metal 0 0 0 0.7 0.7 0.9 0 0 0 0.1
Polygon 15 25 -3 0 3 15 25 -3 15 15 -2.5 15 25 -2.5 Metal 0 0 0 0.7 0.7 0.9 0 0 0 0.1
Polygon 25 15 -3 0 3 25 15 -3 35 15 -3 25 15 -2.5 Metal 0 0 0 0.7 0.7 0.9 0 0 0 0.1
Polygon 35 15 -3 0 3 35 15 -3 25 15 -2.5 35 15 -2.5 Metal 0 0 0 0.7 0.7 0.9 0 0 0 0.1
Polygon 25 15 -3 0 3 25 15 -3 25 25 -3 25 15 -2.5 Metal 0 0 0 0.7 0.7 0.9 0 0 0 0.1
Polygon 25 25 -3 0 3 25 25 -3 25 15 -2.5 25 25 -2.5 Metal 0 0 0 0.7 0.7 0.9 0 0 0 0.1
Polygon 35 15 -3 0 3 35 15 -3 45 15 -3 35 15 -2.5 Metal 0 0 0 0.7 0.7 0.9 0 0 0 0.1
Polygon 45 15 -3 0 3 45 15 -3 35 15 -2.5 45 15 -2.5 Metal 0 0 0 0.7 0.7 0.9 0 0 0 0.1
Polygon 35 15 -3 0 3 35 15 -3 35 25 -3 35 15 -2.5 Metal 0 0 0 0.7 0.7 0.9 0 0 0 0.1
Polygon 35 25 -3 0 3 35 25 -3 35 15 -2.5 35 25 -2.5 Metal 0 0 0 0.7 0.7 0.9 0 0 0 0.1
Polygon 5 25 -3 0 3 5 25 -3 15 25 -3 5 25 -2.5 Metal 0 0 0 0.7 0.7 0.9 0 0 0 0.1
Polygon 15 25 -3 0 3 15 25 -3 5 25 -2.5 15 25 -2.5 Metal 0 0 0 0.7 0.7 0.9 0 0 0 0.1
Polygon 5 25 -3 0 3 5 25 -3 5 35 -3 5 25 -2.5 Metal 0 0 0 0.7 0.7 0.9 0 0 0 0.1
Polygon 5 35 -3 0 3 5 35 -3 5 25 -2.5 5 35 -2.5 Metal 0 0 0 0.7 0.7 0.9 0 0 0 0.1
Polygon 15 25 -3 0 3 15 25 -3 25 25 -3 15 25 -2.5 Metal 0 0 0 0.7 0.7 0.9 0 0 0 0.1
Polygon 25 25 -3 0 3 25 25 -3 15 25 -2.5 25 25 -2.5 Metal 0 0 0 0.7 0.7 0.9 0 0 0 0.1
Polygon 15 25 -3 0 3 15 25 -3 15 35 -3 15 25 -2.5 Metal 0 0 0 0.7 0.7 0.9 0 0 0 0.1
Polygon 15 35 -3 0 3 15 35 -3 15 25 -2.5 15 35 -2.5 Metal 0 0 0 0.7 0.7 0.9 0 0 0 0.1
Polygon 25 25 -3 0 3 25 25 -3 35 25 -3 25 25 -2.5 Metal 0 0 0 0.7 0.7 0.9 0 0 0 0.1
Polygon 35 25 -3 0 3 35 25 -3 25 25 -2.5 35 25 -2.5 Metal 0 0 0 0.7 0.7 0.9 0 0 0 0.1
Polygon 25 25 -3 0 3 25 25 -3 25 35 -3 25 25 -2.5 Metal 0 0 0 0.7 0.7 0.9 0 0 0 0.1
Polygon 25 35 -3 0 3 25 35 -3 25 25 -2.5 25 35 -2.5 Metal 0 0 0 0.7 0.7 0.9 0 0 0 0.1
Polygon 35 25 -3 0 3 35 25 -3 45 25 -3 35 25 -2.5 Metal 0 0 0 0.7 0.7 0.9 0 0 0 0.1
Polygon 45 25 -3 0 3 45 25 -3 35 25 -2.5 45 25 -2.5 Metal 0 0 0 0.7 0.7 0.9 0 0 0 0.1
Polygon 35 25 -3 0 3 35 25 -3 35 35 -3 35 25 -2.5 Metal 0 0 0 0.7 0.7 0.9 0 0 0 0.1
Polygon 35 35 -3 0 3 35 35 -3 35 25 -2.5 35 35 -2.5 Metal 0 0 0 0.7 0.7 0.9 0 0 0 0.1
Polygon 5 35 -3 0 3 5 35 -3 15 35 -3 5 35 -2.5 Metal 0 0 0 0.7 0.7 0.9 0 0 0 0.1
Polygon 15 35 -3 0 3 15 35 -3 5 35 -2.5 15 35 -2.5 Metal 0 0 0 0.7 0.7 0.9 0 0 0 0.1
Polygon 5 35 -3 0 3 5 35 -3 5 45 -3 5 35 -2.5 Metal 0 0 0 0.7 0.7 0.9 0 0 0 0.1
Polygon 5 45 -3 0 3 5 45 -3 5 35 -2.5 5 45 -2.5 Metal 0 0 0 0.7 0.7 0.9 0 0 0 0.1
Polygon 15 35 -3 0 3 15 35 -3 25 35 -3 15 35 -2.5 Metal 0 0 0 0.7 0.7 0.9 0 0 0 0.1
Polygon 25 35 -3 0 3 25 35 -3 15 35 -2.5 25 35 -2.5 Metal 0 0 0 0.7 0.7 0.9 0 0 0 0.1
Polygon 15 35 -3 0 3 15 35 -3 15 45 -3 15 35 -2.5 Metal 0 0 0 0.7 0.7 0.9 0 0 0 0.1
Polygon 15 45 -3 0 3 15 45 -3 15 35 -2.5 15 45 -2.5 Metal 0 0 0 0.7 0.7 0.9 0 0 0 0.1
Polygon 25 35 -3 0 3 25 35 -3 35 35 -3 25 35 -2.5 Metal 0 0 0 0.7 0.7 0.9 0 0 0 0.1
Polygon 35 35 -3 0 3 35 35 -3 25 35 -2.5 35 35 -2.5 Metal 0 0 0 0.7 0.7 0.9 0 0 0 0.1
Polygon 25 35 -3 0 3 25 35 -3 25 45 -3 25 35 -2.5 Metal 0 0 0 0.7 0.7 0.9 0 0 0 0.1
Polygon 25 45 -3 0 3 25 45 -3 25 35 -2.5 25 45 -2.5 Metal 0 0 0 0.7 0.7 0.9 0 0 0 0.1
Polygon 35 35 -3 0 3 35 35 -3 45 35 -3 35 35 -2.5 Metal 0 0 0 0.7 0.7 0.9 0 0 0 0.1
Polygon 45 35 -3 0 3 45 35 -3 35 35 -2.5 45 35 -2.5 Metal 0 0 0 0.7 0.7 0.9 0 0 0 0.1
Polygon 35 35 -3 0 3 35 35 -3 35 45 -3 35 35 -2.5 Metal 0 0 0 0.7 0.7 0.9 0 0 0 0.1
Polygon 35 45 -3 0 3 35 45 -3 35 35 -2.5 35 45 -2.5 Metal 0 0 0 0.7 0.7 0.9 0 0 0 0.1
Polygon 38 24 3 0 3 38 24 3 42 24 3 40 27 3 Dielectric 0 0 0 0 0 0 0 0 0 0.9 0.95 1 1.5
Polygon 38 24 3.3 0 3 38 24 3.3 42 24 3.6 40 27 3.6 Dielectric 0 0 0 0 0 0 0 0 0 0.9 0.95 1 1.5
Polygon 38 24 3 0 3 38 24 3 42 24 3 38 24 3.3 Dielectric 0 0 0 0 0 0 0 0 0 0.9 0.95 1 1.5
