Sphere -8 -8 12 0 2 Emissive 0 0 0 0 0 0 15 14.25 13.5
Plane 0 0 -5 0 0 0 1 Metal 0 0 0 0.7 0.7 0.75 0 0 0 0.3
Sphere 5.65685 8 0 0 0.239066 Metal 0 0 0 0.95 0.64 0.54 0 0 0 0.1
Sphere 6.13499 8 0 0 0.0956263 Dielectric 0 0 0 0 0 0 0 0 0 0.9 1 1 1.5
Sphere 5.41779 8.41407 -0.207037 0 0.0956263 Metal 0 0 0 0.933013 0 0.440192 0 0 0 0.459808
Sphere 5.41779 7.58593 0.207037 0 0.0956263 Metal 0 0 0 0.0669873 0.75 0.959808 0 0 0 -0.0598076
Sphere 0.462184 0.0919342 2.90625 0 0.723377 Metal 0 0 0 0.95 0.64 0.54 0 0 0 0.1
Sphere 4.49938 1.8637 2.77164 0 0.434082 Lambertian 0.8 0.6 0.2 0 0 0 0 0 0
Sphere 4.44456 3.06147 0.585271 0 0.465224 Dielectric 0 0 0 0 0 0 0 0 0 1 0.95 0.9 1.7
Sphere 1.33286 1.33286 2.625 0 0.799937 Metal 0 0 0 0.75 0.25 0.75 0 0 0 0.4
Sphere 1.94511 2.81096 3.19064 0 0.319975 Dielectric 0 0 0 0 0 0 0 0 0 0.938268 0.992388 1 1.61481
Sphere 0.558976 2.73311 3.05059 0 0.319975 Metal 0 0 0 0.980459 0.153119 0.85961 0 0 0 0.488275
Sphere -0.244405 1.60085 1.86995 0 0.319975 Metal 0 0 0 0.90778 0.00218396 0.416835 0 0 0 0.444668
Sphere 0.139931 0.266794 2.53544 0 0.319975 Dielectric 0 0 0 0 0 0 0 0 0 0.905607 0.800157 1 1.51682
Sphere 1.42257 -0.264492 3.41991 0 0.319975 Metal 0 0 0 0.127179 0.656286 0.998114 0 0 0 -0.0236926
Sphere 2.63766 0.407064 2.3608 0 0.319975 Metal 0 0 0 0.00706449 0.968771 0.600916 0 0 0 -0.0957613
Sphere 2.87021 1.77577 1.94767 0 0.319975 Dielectric 0 0 0 0 0 0 0 0 0 0.851628 0.987522 1 1.35488
Sphere 4.43505 6.63752 0.585271 0 0.222136 Dielectric 0 0 0 0 0 0 0 0 0 1 1 1 1.33
Sphere -7.39104 -5.65685 -1.14805 0 0.684172 Metal 0 0 0 0.95 0.64 0.54 0 0 0 0.1
Sphere 0.643539 3.23529 2.34375 0 0.794584 Metal 0 0 0 0.75 0.25 0.75 0 0 0 0.4
Sphere 2.44929e-16 4 -3 0 0.669393 Metal 0 0 0 0.95 0.64 0.54 0 0 0 0.1
Sphere -0.946664 4.94666 -2.33061 0 0.267757 Dielectric 0 0 0 0 0 0 0 0 0 0.970711 0.970711 1 1.71213
Sphere -1.29317 3.6535 -3.3347 0 0.267757 Metal 0 0 0 0.982963 0.0170371 0.55 0 0 0 0.489778
Sphere -0.346503 2.70683 -3.3347 0 0.267757 Metal 0 0 0 0.62941 0.146447 0.55 0 0 0 0.277646
Sphere 0.946664 3.05334 -2.33061 0 0.267757 Dielectric 0 0 0 0 0 0 0 0 0 0.829289 0.829289 1 1.28787
Sphere 1.29317 4.3465 -3.3347 0 0.267757 Metal 0 0 0 0.0170371 0.982963 0.55 0 0 0 -0.0897777
Sphere 0.346503 5.29317 -3.3347 0 0.267757 Metal 0 0 0 0.37059 0.853553 0.55 0 0 0 0.122354
Sphere -1.56072 -7.39104 1.66671 0 0.362195 Dielectric 0 0 0 0 0 0 0 0 0 1 0.95 0.9 1.7
Sphere -1.80335 4.35368 2.0625 0 0.718714 Metal 0 0 0 0.75 0.25 0.75 0 0 0 0.4
Sphere 1.96578 -2.942 0.585271 0 0.564691 Metal 0 0 0 0.56 0.57 0.58 0 0 0 0.2
Sphere 8 -1.46958e-15 -2.12132 0 0.37381 Metal 0 0 0 0.95 0.64 0.54 0 0 0 0.1
Sphere 7.30929 -0.286102 -1.857 0 0.149524 Dielectric 0 0 0 0 0 0 0 0 0 0.992388 0.938268 1 1.77716
Sphere 8.05866 -0.745315 -2.49053 0 0.149524 Metal 0 0 0 0.824724 0.0286793 0.403693 0 0 0 0.394834
Sphere 8.72696 -0.174528 -1.78825 0 0.149524 Metal 0 0 0 0.238751 0.513088 0.967302 0 0 0 0.0432504
Sphere 8.39063 0.637451 -2.29103 0 0.149524 Dielectric 0 0 0 0 0 0 0 0 0 0.802763 0.923345 1 1.20829
Sphere 7.51446 0.568495 -2.1798 0 0.149524 Metal 0 0 0 0.46077 0.783203 0.65307 0 0 0 0.176462
Sphere -5.09367 3.40348 1.78125 0 0.223829 Dielectric 0 0 0 0 0 0 0 0 0 0.95 0.95 1 1.5
Sphere 7.32781 -3.03528 2.77164 0 0.450412 Metal 0 0 0 0.91 0.92 0.98 0 0 0 0.05
Sphere -1.56072 7.39104 2.49441 0 0.780233 Metal 0 0 0 0.75 0.25 0.75 0 0 0 0.4
Sphere -7.53982 9.23362e-16 1.5 0 0.596736 Metal 0 0 0 0.95 0.64 0.54 0 0 0 0.1
Sphere -7.53982 -1.19347 1.5 0 0.238694 Dielectric 0 0 0 0 0 0 0 0 0 1 0.9 1 1.8
Sphere -6.34635 6.31046e-16 1.5 0 0.238694 Metal 0 0 0 0.5 0.25 0.7 0 0 0 0.2
Sphere -7.53982 1.19347 1.5 0 0.238694 Metal 0 0 0 0 0.933013 0.7 0 0 0 -0.1
Sphere -8.73329 1.36184e-15 1.5 0 0.238694 Dielectric 0 0 0 0 0 0 0 0 0 0.9 1 1 1.5
Sphere 5.17341 1.02906 -1.66671 0 0.664285 Lambertian 0.2 0.6 0.3 0 0 0 0 0 0
Sphere -7.39104 5.65685 -2.77164 0 0.33339 Dielectric 0 0 0 0 0 0 0 0 0 1 0.95 0.9 1.7
Sphere -7.4446 -4.97432 1.21875 0 0.790036 Lambertian 0.6 0.2 0.2 0 0 0 0 0 0
Sphere -1.4641 -1.4641 -2.12132 0 0.200092 Metal 0 0 0 0.75 0.25 0.75 0 0 0 0.4
Sphere -1.09438 -1.61725 -2.26281 0 0.0800367 Dielectric 0 0 0 0 0 0 0 0 0 0.992388 0.861732 1 1.77716
Sphere -1.51634 -1.06734 -1.92805 0 0.0800367 Metal 0 0 0 0.103323 0.691342 0.989778 0 0 0 -0.038006
Sphere -1.78159 -1.70772 -2.17311 0 0.0800367 Metal 0 0 0 0.434737 0.804381 0.622354 0 0 0 0.160842
Sphere 4.44456 -3.06147 2.94236 0 0.784627 Metal 0 0 0 0.75 0.25 0.75 0 0 0 0.4
Sphere -3.96738 -9.5781 0.9375 0 0.799726 Lambertian 0.8 0.6 0.2 0 0 0 0 0 0
Sphere -1.4779 -7.42988 2.49441 0 0.313102 Metal 0 0 0 0.56 0.57 0.58 0 0 0 0.2
Sphere 5.65685 -8 -3 0 0.44878 Metal 0 0 0 0.56 0.57 0.58 0 0 0 0.2
Sphere 6.29153 -7.36533 -3.44878 0 0.179512 Dielectric 0 0 0 0 0 0 0 0 0 0.970711 0.829289 1 1.71213
Sphere 5.55636 -7.10808 -2.90014 0 0.179512 Metal 0 0 0 0.444018 0.300054 0.766756 0 0 0 0.166411
Sphere 4.89687 -7.52247 -2.59566 0 0.179512 Metal 0 0 0 0.0766379 0.733634 0.970291 0 0 0 -0.0540173
Sphere 4.80966 -8.29645 -3.27981 0 0.179512 Dielectric 0 0 0 0 0 0 0 0 0 0.805612 0.933028 1 1.21684
Sphere 5.36041 -8.84719 -3.27981 0 0.179512 Metal 0 0 0 0.33486 0.878986 0.512953 0 0 0 0.100916
Sphere 6.13439 -8.75999 -2.59566 0 0.179512 Metal 0 0 0 0.766016 0.481304 0.970291 0 0 0 0.35961
Sphere 6.54877 -8.1005 -2.90014 0 0.179512 Dielectric 0 0 0 0 0 0 0 0 0 0.999371 0.911196 1 1.79811
Sphere 2.29835 -11.5546 0.65625 0 0.254995 Dielectric 0 0 0 0 0 0 0 0 0 1 1 1 1.33
Sphere 2.42883 -5.8637 1.14805 0 0.40703 Metal 0 0 0 0.75 0.25 0.75 0 0 0 0.4
Sphere -6.65176 -3.06147 2.94236 0 0.647566 Lambertian 0.8 0.6 0.2 0 0 0 0 0 0
Sphere 9.33005 -9.33005 0.375 0 0.779675 Lambertian 0.2 0.6 0.3 0 0 0 0 0 0
Sphere 8.73332 -7.8894 -0.176313 0 0.31187 Dielectric 0 0 0 0 0 0 0 0 0 0.938268 0.807612 1 1.61481
Sphere 7.78404 -9.12652 1.12811 0 0.31187 Metal 0 0 0 0.195619 0.565263 0.989778 0 0 0 0.0173716
Sphere 8.38078 -10.5672 0.173205 0 0.31187 Metal 0 0 0 0.00427757 0.96194 0.622354 0 0 0 -0.0974335
Sphere 9.92679 -10.7707 -0.176313 0 0.31187 Dielectric 0 0 0 0 0 0 0 0 0 0.861732 0.992388 1 1.38519
Sphere 10.8761 -9.53359 1.12811 0 0.31187 Metal 0 0 0 0.804381 0.434737 0.989778 0 0 0 0.382628
Sphere 10.2793 -8.09294 0.173205 0 0.31187 Metal 0 0 0 0.995722 0.0380602 0.622354 0 0 0 0.497433
Sphere -0.435046 0.290688 -2.94236 0 0.302458 Metal 0 0 0 0.95 0.64 0.54 0 0 0 0.1
Sphere -3.06147 5.65685 -2.77164 0 0.386497 Metal 0 0 0 0.95 0.64 0.54 0 0 0 0.1
Sphere 14.3277 -2.84996 0.09375 0 0.513325 Metal 0 0 0 0.56 0.57 0.58 0 0 0 0.2
Sphere -6.9282 1.69692e-15 -2.20436e-15 0 0.595084 Metal 0 0 0 0.95 0.64 0.54 0 0 0 0.1
Sphere -8.11837 2.13418e-15 -2.35012e-15 0 0.238034 Dielectric 0 0 0 0 0 0 0 0 0 0.9 0.8 1 1.5
Sphere -7.29599 -1.13192 0.349782 0 0.238034 Metal 0 0 0 0.0244717 0.834565 0.876336 0 0 0 -0.085317
Sphere -5.96534 -0.699563 -0.565959 0 0.238034 Metal 0 0 0 0.206107 0.956773 0.414683 0 0 0 0.0236644
Sphere -5.96534 0.699563 0.565959 0 0.238034 Dielectric 0 0 0 0 0 0 0 0 0 0.958779 0.980902 1 1.67634
Sphere -7.29599 1.13192 -0.349782 0 0.238034 Metal 0 0 0 0.975528 0.0109262 0.523664 0 0 0 0.485317
Sphere 7.84628 7.39104 2.49441 0 0.6046 Metal 0 0 0 0.95 0.64 0.54 0 0 0 0.1
Sphere 14.8025 6.1314 -0.1875 0 0.565938 Dielectric 0 0 0 0 0 0 0 0 0 1 1 1 1.33
Sphere -5.96578 -3.98621 2.94236 0 0.630135 Lambertian 0.6 0.2 0.2 0 0 0 0 0 0
Sphere 6.85802e-15 4.40873e-15 -2.12132 0 0.376505 Metal 0 0 0 0.95 0.64 0.54 0 0 0 0.1
Sphere -0.288164 -0.69569 -1.85509 0 0.150602 Dielectric 0 0 0 0 0 0 0 0 0 0.861732 0.807612 1 1.38519
Sphere 0.69569 -0.288164 -2.38755 0 0.150602 Metal 0 0 0 0.0380602 0.995722 0.487868 0 0 0 -0.0771639
Sphere 0.288164 0.69569 -1.85509 0 0.150602 Metal 0 0 0 0.691342 0.565263 0.912132 0 0 0 0.314805
Sphere -0.69569 0.288164 -2.38755 0 0.150602 Dielectric 0 0 0 0 0 0 0 0 0 0.992388 0.861732 1 1.77716
Sphere 9.68683 14.4974 -0.46875 0 0.596049 Dielectric 0 0 0 0 0 0 0 0 0 1 1 1 1.33
Sphere -0.399602 -0.964724 -1.14805 0 0.302449 Metal 0 0 0 0.95 0.64 0.54 0 0 0 0.1
Sphere -7.84628 -7.39104 1.66671 0 0.637488 Metal 0 0 0 0.95 0.64 0.54 0 0 0 0.1
Sphere 5.77101e-15 18.8496 -0.75 0 0.289375 Metal 0 0 0 0.95 0.64 0.54 0 0 0 0.1
Sphere 0.409238 18.4403 -0.460625 0 0.11575 Dielectric 0 0 0 0 0 0 0 0 0 0.829289 0.829289 1 1.28787
Sphere 0.149792 19.4086 -0.894688 0 0.11575 Metal 0 0 0 0.37059 0.853553 0.55 0 0 0 0.122354
Sphere -0.55903 18.6998 -0.894688 0 0.11575 Metal 0 0 0 0.982963 0.0170371 0.55 0 0 0 0.489778
Sphere -1.17341 5.89915 -2.49441 0 0.689606 Dielectric 0 0 0 0 0 0 0 0 0 1 1 1 1.33
Sphere 3.06147 -5.65685 -1.14805 0 0.384299 Dielectric 0 0 0 0 0 0 0 0 0 1 0.95 0.9 1.7
Sphere -11.2577 16.8483 -1.03125 0 0.288889 Metal 0 0 0 0.56 0.57 0.58 0 0 0 0.2
Sphere -5.4641 5.4641 2.12132 0 0.314044 Metal 0 0 0 0.56 0.57 0.58 0 0 0 0.2
Sphere -4.88382 5.70446 2.34338 0 0.125618 Dielectric 0 0 0 0 0 0 0 0 0 0.807612 0.861732 1 1.22284
Sphere -5.29022 6.06764 1.85541 0 0.125618 Metal 0 0 0 0.0623883 0.999913 0.445983 0 0 0 -0.062567
Sphere -5.82756 5.97635 2.0176 0 0.125618 Metal 0 0 0 0.416247 0.819 0.600916 0 0 0 0.149748
Sphere -6.0912 5.49932 2.43339 0 0.125618 Dielectric 0 0 0 0 0 0 0 0 0 0.966635 0.974564 1 1.6999
Sphere -5.88263 4.99577 2.08616 0 0.125618 Metal 0 0 0 0.999213 0.0536509 0.666411 0 0 0 0.499528
Sphere -5.35889 4.84489 1.8249 0 0.125618 Metal 0 0 0 0.789336 0.0455378 0.416835 0 0 0 0.373601
Sphere -4.91438 5.16028 2.2884 0 0.125618 Dielectric 0 0 0 0 0 0 0 0 0 0.872316 0.803908 1 1.41695
Sphere 6.65176 3.06147 0.585271 0 0.218293 Lambertian 0.8 0.6 0.2 0 0 0 0 0 0
Sphere -20.0269 8.29542 -1.3125 0 0.200666 Metal 0 0 0 1 0.84 0 0 0 0 0.3
Sphere -2.5221 0.501678 1.66671 0 0.289613 Metal 0 0 0 1 0.84 0 0 0 0 0.3
Sphere -5.65685 8 1.61691e-14 0 0.375368 Metal 0 0 0 0.95 0.64 0.54 0 0 0 0.1
Sphere -5.65685 8.75074 1.6307e-14 0 0.150147 Dielectric 0 0 0 0 0 0 0 0 0 0.8 0.9 1 1.2
Sphere -6.30701 8.37537 -0.325078 0 0.150147 Metal 0 0 0 0.25 0.933013 0.440192 0 0 0 0.05
Sphere -6.30701 7.62463 0.325078 0 0.150147 Metal 0 0 0 0.75 0.5 0.959808 0 0 0 0.35
Sphere -5.65685 7.24926 1.63989e-14 0 0.150147 Dielectric 0 0 0 0 0 0 0 0 0 1 0.9 1 1.8
Sphere -5.0067 7.62463 -0.325078 0 0.150147 Metal 0 0 0 0.75 0.0669873 0.440192 0 0 0 0.35
Sphere -5.0067 8.37537 0.325078 0 0.150147 Metal 0 0 0 0.25 0.5 0.959808 0 0 0 0.05
Sphere -22.647 -4.50477 -1.59375 0 0.375669 Dielectric 0 0 0 0 0 0 0 0 0 0.95 0.95 1 1.5
Sphere 4.49938 1.8637 -2.77164 0 0.732577 Lambertian 0.8 0.6 0.2 0 0 0 0 0 0
Sphere -4.44456 3.06147 -0.585271 0 0.203364 Dielectric 0 0 0 0 0 0 0 0 0 1 0.95 0.9 1.7
Sphere -17.3272 -17.3272 -1.875 0 0.201488 Lambertian 0.2 0.2 0.6 0 0 0 0 0 0
Sphere -17.6995 -17.173 -2.01747 0 0.080595 Dielectric 0 0 0 0 0 0 0 0 0 0.807612 0.938268 1 1.22284
Sphere -17.589 -17.6337 -1.84348 0 0.080595 Metal 0 0 0 0.53923 0.715256 0.74693 0 0 0 0.223538
Sphere -17.1167 -17.6708 -1.78353 0 0.080595 Metal 0 0 0 0.986185 0.137313 0.836197 0 0 0 0.491711
Sphere -16.9354 -17.2332 -2.05453 0 0.080595 Dielectric 0 0 0 0 0 0 0 0 0 0.95225 0.814736 1 1.65675
Sphere -17.2956 -16.9255 -1.67599 0 0.080595 Metal 0 0 0 0.175276 0.591118 0.996306 0 0 0 0.00516559
Sphere 4.43505 6.63752 -0.585271 0 0.255953 Dielectric 0 0 0 0 0 0 0 0 0 1 1 1 1.33
Sphere 7.39104 -5.65685 1.14805 0 0.737498 Metal 0 0 0 0.95 0.64 0.54 0 0 0 0.1
Sphere -5.05638 -25.4201 -2.15625 0 0.775125 Metal 0 0 0 0.91 0.92 0.98 0 0 0 0.05
Sphere 1.71451e-15 4 3 0 0.792154 Metal 0 0 0 0.95 0.64 0.54 0 0 0 0.1
Sphere -1.12028 2.87972 2.20785 0 0.316862 Dielectric 0 0 0 0 0 0 0 0 0 0.829289 0.970711 1 1.28787
Sphere 1.12028 2.87972 3.79215 0 0.316862 Metal 0 0 0 0.853553 0.37059 1 0 0 0 0.412132
Sphere 1.12028 5.12028 2.20785 0 0.316862 Metal 0 0 0 0.853553 0.0170371 0.4 0 0 0 0.412132
Sphere -1.12028 5.12028 3.79215 0 0.316862 Dielectric 0 0 0 0 0 0 0 0 0 0.829289 0.829289 1 1.28787
Sphere 1.56072 -7.39104 -1.66671 0 0.20595 Dielectric 0 0 0 0 0 0 0 0 0 1 0.95 0.9 1.7
Sphere 10.4594 -25.2513 -2.4375 0 0.408936 Dielectric 0 0 0 0 0 0 0 0 0 1 0.95 0.9 1.7
Sphere 1.96578 -2.942 -0.585271 0 0.494971 Metal 0 0 0 0.56 0.57 0.58 0 0 0 0.2
Sphere -8 -2.15587e-14 2.12132 0 0.62619 Metal 0 0 0 0.95 0.64 0.54 0 0 0 0.1
Sphere -7.52073 -1.15705 1.67854 0 0.250476 Dielectric 0 0 0 0 0 0 0 0 0 0.861732 0.992388 1 1.38519
Sphere -7.2376 0.99358 1.95925 0 0.250476 Metal 0 0 0 0.995722 0.0380602 0.622354 0 0 0 0.497433
Sphere -9.24167 0.163468 2.72617 0 0.250476 Metal 0 0 0 0.195619 0.565263 0.989778 0 0 0 0.0173716
Sphere 23.9011 -15.9702 -2.71875 0 0.597935 Dielectric 0 0 0 0 0 0 0 0 0 1 1 1 1.33
Sphere 7.32781 -3.03528 -2.77164 0 0.742727 Metal 0 0 0 0.91 0.92 0.98 0 0 0 0.05
Sphere 1.56072 7.39104 -2.49441 0 0.679832 Metal 0 0 0 0.75 0.25 0.75 0 0 0 0.4
Sphere 3.4 0 2 0 0.3 Dielectric 0 0 0 0 0 0 0 0 0 0.8 1 0.9 1.4
Sphere 3.28084 0.584698 2.65854 0 0.3 Dielectric 0 0 0 0 0 0 0 0 0 0.941421 0.973205 0.996593 1.57321
Sphere 2.93268 1.12406 3.27047 0 0.3 Dielectric 0 0 0 0 0 0 0 0 0 1 0.9 0.95 1.57321
Sphere 2.38263 1.57654 3.79302 0 0.3 Dielectric 0 0 0 0 0 0 0 0 0 0.941421 0.8 0.829289 1.4
Sphere 1.67321 1.90783 4.19067 0 0.3 Dielectric 0 0 0 0 0 0 0 0 0 0.8 0.7 0.813397 1.22679
Sphere 0.858591 2.0936 4.43797 0 0.3 Dielectric 0 0 0 0 0 0 0 0 0 0.658579 0.626795 0.925882 1.22679
Sphere 2.01016e-16 2.12132 4.52132 0 0.3 Dielectric 0 0 0 0 0 0 0 0 0 0.6 0.6 1 1.4
Sphere -0.839481 1.99096 4.43975 0 0.3 Dielectric 0 0 0 0 0 0 0 0 0 0.658579 0.626795 0.925882 1.57321
Sphere -1.6 1.71464 4.20454 0 0.3 Dielectric 0 0 0 0 0 0 0 0 0 0.8 0.7 0.813397 1.57321
Sphere -2.22956 1.31522 3.83785 0 0.3 Dielectric 0 0 0 0 0 0 0 0 0 0.941421 0.8 0.829289 1.4
Sphere -2.68773 0.824058 3.37047 0 0.3 Dielectric 0 0 0 0 0 0 0 0 0 1 0.9 0.95 1.22679
Sphere -2.94821 0.27817 2.83902 0 0.3 Dielectric 0 0 0 0 0 0 0 0 0 0.941421 0.973205 0.996593 1.22679
Sphere -3 -0.282843 2.28284 0 0.3 Dielectric 0 0 0 0 0 0 0 0 0 0.8 1 0.9 1.4
Sphere -2.84735 -0.819906 1.74094 0 0.3 Dielectric 0 0 0 0 0 0 0 0 0 0.658579 0.973205 0.803407 1.57321
Sphere -2.50842 -1.29726 1.24915 0 0.3 Dielectric 0 0 0 0 0 0 0 0 0 0.6 0.9 0.85 1.57321
Sphere -2.01308 -1.68478 0.837849 0 0.3 Dielectric 0 0 0 0 0 0 0 0 0 0.658579 0.8 0.970711 1.4
Sphere -1.4 -1.95959 0.530306 0 0.3 Dielectric 0 0 0 0 0 0 0 0 0 0.8 0.7 0.986603 1.22679
Sphere -0.713434 -2.10712 0.341673 0 0.3 Dielectric 0 0 0 0 0 0 0 0 0 0.941421 0.626795 0.874118 1.22679
Sphere -4.99134e-16 -2.12132 0.27868 0 0.3 Dielectric 0 0 0 0 0 0 0 0 0 1 0.6 0.8 1.4
Sphere 0.694323 -2.00447 0.339894 0 0.3 Dielectric 0 0 0 0 0 0 0 0 0 0.941421 0.626795 0.874118 1.57321
Sphere 1.32679 -1.76641 0.516436 0 0.3 Dielectric 0 0 0 0 0 0 0 0 0 0.8 0.7 0.986603 1.57321
Sphere 1.86001 -1.42346 0.793015 0 0.3 Dielectric 0 0 0 0 0 0 0 0 0 0.658579 0.8 0.970711 1.4
Sphere 2.26347 -0.997263 1.14915 0 0.3 Dielectric 0 0 0 0 0 0 0 0 0 0.6 0.9 0.85 1.22679
Sphere 2.51471 -0.513378 1.56046 0 0.3 Dielectric 0 0 0 0 0 0 0 0 0 0.658579 0.973205 0.803407 1.22679
Sphere 5.2114 1.27598 4 0 0.4 Dielectric 0 0 0 0 0 0 0 0 0 0.7 0.8 0.9 1.6
Sphere 6.7886 1.27598 4 0 0.4 Metal 0 0 0 0.635598 0.968736 0.928844 0 0 0 0.184147
Sphere 5.2114 -1.27598 4 0 0.4 Metal 0 0 0 0.88903 0.877735 0.99709 0 0 0 0.19093
Sphere 6.7886 -1.27598 4 0 0.4 Dielectric 0 0 0 0 0 0 0 0 0 0.7 0.8 0.9 1.62822
Sphere 6 -0.788597 5.27598 0 0.4 Metal 0 0 0 0.936508 0.55365 0.866998 0 0 0 0.0243198
Sphere 6 0.788597 5.27598 0 0.4 Metal 0 0 0 0.71893 0.349516 0.729843 0 0 0 0.00410757
Sphere 6 -0.788597 2.72402 0 0.4 Dielectric 0 0 0 0 0 0 0 0 0 0.7 0.8 0.9 1.54412
Sphere 6 0.788597 2.72402 0 0.4 Metal 0 0 0 0.0544517 -0.0533923 0.603509 0 0 0 0.165699
Sphere 7.27598 0 3.2114 0 0.4 Metal 0 0 0 -0.229762 -0.216176 0.673747 0 0 0 0.198936
Sphere 7.27598 0 4.7886 0 0.4 Dielectric 0 0 0 0 0 0 0 0 0 0.7 0.8 0.9 1.68242
Sphere 4.72402 0 3.2114 0 0.4 Metal 0 0 0 -0.371247 -0.392995 0.931397 0 0 0 0.0455979
Sphere 4.72402 0 4.7886 0 0.4 Metal 0 0 0 -0.193878 -0.391236 0.997634 0 0 0 9.79345e-07
Sphere -0.788597 7.27598 4 0 0.4 Dielectric 0 0 0 0 0 0 0 0 0 0.7 0.8 0.9 1.78186
Sphere 0.788597 7.27598 4 0 0.4 Metal 0 0 0 0.635598 0.968736 0.928844 0 0 0 0.184147
Sphere -0.788597 4.72402 4 0 0.4 Metal 0 0 0 0.88903 0.877735 0.99709 0 0 0 0.19093
Sphere 0.788597 4.72402 4 0 0.4 Dielectric 0 0 0 0 0 0 0 0 0 0.7 0.8 0.9 1.40822
Sphere 3.67394e-16 5.2114 5.27598 0 0.4 Metal 0 0 0 0.936508 0.55365 0.866998 0 0 0 0.0243198
Sphere 3.67394e-16 6.7886 5.27598 0 0.4 Metal 0 0 0 0.71893 0.349516 0.729843 0 0 0 0.00410757
Sphere 3.67394e-16 5.2114 2.72402 0 0.4 Dielectric 0 0 0 0 0 0 0 0 0 0.7 0.8 0.9 1.79787
Sphere 3.67394e-16 6.7886 2.72402 0 0.4 Metal 0 0 0 0.0544517 -0.0533923 0.603509 0 0 0 0.165699
Sphere 1.27598 6 3.2114 0 0.4 Metal 0 0 0 -0.229762 -0.216176 0.673747 0 0 0 0.198936
Sphere 1.27598 6 4.7886 0 0.4 Dielectric 0 0 0 0 0 0 0 0 0 0.7 0.8 0.9 1.4
Sphere -1.27598 6 3.2114 0 0.4 Metal 0 0 0 -0.371247 -0.392995 0.931397 0 0 0 0.0455979
Sphere -1.27598 6 4.7886 0 0.4 Metal 0 0 0 -0.193878 -0.391236 0.997634 0 0 0 9.79345e-07
Sphere -6.7886 1.27598 4 0 0.4 Dielectric 0 0 0 0 0 0 0 0 0 0.7 0.8 0.9 1.44864
Sphere -5.2114 1.27598 4 0 0.4 Metal 0 0 0 0.635598 0.968736 0.928844 0 0 0 0.184147
Sphere -6.7886 -1.27598 4 0 0.4 Metal 0 0 0 0.88903 0.877735 0.99709 0 0 0 0.19093
Sphere -5.2114 -1.27598 4 0 0.4 Dielectric 0 0 0 0 0 0 0 0 0 0.7 0.8 0.9 1.7314
Sphere -6 -0.788597 5.27598 0 0.4 Metal 0 0 0 0.936508 0.55365 0.866998 0 0 0 0.0243198
Sphere -6 0.788597 5.27598 0 0.4 Metal 0 0 0 0.71893 0.349516 0.729843 0 0 0 0.00410757
Sphere -6 -0.788597 2.72402 0 0.4 Dielectric 0 0 0 0 0 0 0 0 0 0.7 0.8 0.9 1.4912
Sphere -6 0.788597 2.72402 0 0.4 Metal 0 0 0 0.0544517 -0.0533923 0.603509 0 0 0 0.165699
Sphere -4.72402 7.34788e-16 3.2114 0 0.4 Metal 0 0 0 -0.229762 -0.216176 0.673747 0 0 0 0.198936
Sphere -4.72402 7.34788e-16 4.7886 0 0.4 Dielectric 0 0 0 0 0 0 0 0 0 0.7 0.8 0.9 1.68403
Sphere -7.27598 7.34788e-16 3.2114 0 0.4 Metal 0 0 0 -0.371247 -0.392995 0.931397 0 0 0 0.0455979
Sphere -7.27598 7.34788e-16 4.7886 0 0.4 Metal 0 0 0 -0.193878 -0.391236 0.997634 0 0 0 9.79345e-07
Sphere -0.788597 -4.72402 4 0 0.4 Dielectric 0 0 0 0 0 0 0 0 0 0.7 0.8 0.9 1.54412
Sphere 0.788597 -4.72402 4 0 0.4 Metal 0 0 0 0.635598 0.968736 0.928844 0 0 0 0.184147
Sphere -0.788597 -7.27598 4 0 0.4 Metal 0 0 0 0.88903 0.877735 0.99709 0 0 0 0.19093
Sphere 0.788597 -7.27598 4 0 0.4 Dielectric 0 0 0 0 0 0 0 0 0 0.7 0.8 0.9 1.68242
Sphere -1.10218e-15 -6.7886 5.27598 0 0.4 Metal 0 0 0 0.936508 0.55365 0.866998 0 0 0 0.0243198
Sphere -1.10218e-15 -5.2114 5.27598 0 0.4 Metal 0 0 0 0.71893 0.349516 0.729843 0 0 0 0.00410757
Sphere -1.10218e-15 -6.7886 2.72402 0 0.4 Dielectric 0 0 0 0 0 0 0 0 0 0.7 0.8 0.9 1.49269
Sphere -1.10218e-15 -5.2114 2.72402 0 0.4 Metal 0 0 0 0.0544517 -0.0533923 0.603509 0 0 0 0.165699
Sphere 1.27598 -6 3.2114 0 0.4 Metal 0 0 0 -0.229762 -0.216176 0.673747 0 0 0 0.198936
Sphere 1.27598 -6 4.7886 0 0.4 Dielectric 0 0 0 0 0 0 0 0 0 0.7 0.8 0.9 1.73006
Sphere -1.27598 -6 3.2114 0 0.4 Metal 0 0 0 -0.371247 -0.392995 0.931397 0 0 0 0.0455979
Sphere -1.27598 -6 4.7886 0 0.4 Metal 0 0 0 -0.193878 -0.391236 0.997634 0 0 0 9.79345e-07
Sphere -5 -0.826573 3.40808 0 0.163235 Metal 0 0 0 0.635217 0.80775 0.0435274 0 0 0 0.3
Sphere -4.6875 -0.00742356 3.99505 0 0.249227 Metal 0 0 0 0.239806 0.259678 0.549696 0 0 0 0.3
Sphere -4.375 -1.05951 3.21944 0 0.138411 Metal 0 0 0 0.699779 0.878386 0.987813 0 0 0 0.3
Sphere -4.0625 -1.79034 2.14334 0 0.050581 Metal 0 0 0 0.970799 0.943266 0.757941 0 0 0 0.3
Sphere -3.75 -0.47217 2.24031 0 0.159939 Metal 0 0 0 0.9504 0.401352 0.174856 0 0 0 0.3
Sphere -3.4375 0.704231 3.37757 0 0.249584 Metal 0 0 0 0.646294 0.704944 0.0370088 0 0 0 0.3
Sphere -3.125 -0.0662762 3.9978 0 0.141713 Metal 0 0 0 0.226543 0.999009 0.533161 0 0 0 0.3
Sphere -2.8125 -0.674029 3.25169 0 0.0502786 Metal 0 0 0 0.689346 0.640771 0.983904 0 0 0 0.3
Sphere -2.5 0.664794 2.16093 0 0.156632 Metal 0 0 0 0.967139 0.477308 0.772011 0 0 0 0.3
Sphere -2.1875 1.8141 2.21915 0 0.249831 Metal 0 0 0 0.954898 0.968996 0.187638 0 0 0 0.3
Sphere -1.875 0.904328 3.34664 0 0.145024 Metal 0 0 0 0.657249 0.832883 0.031 0 0 0 0.3
Sphere -1.5625 0.000825825 3.99945 0 0.050086 Metal 0 0 0 0.213274 0.219909 0.51659 0 0 0 0.3
Sphere -1.25 0.982164 3.28366 0 0.153318 Metal 0 0 0 0.678778 0.856447 0.979462 0 0 0 0.3
Sphere -0.9375 1.80577 2.17944 0 0.249969 Metal 0 0 0 0.963269 0.957069 0.785781 0 0 0 0.3
Sphere -0.625 0.568505 2.19886 0 0.148341 Metal 0 0 0 0.959188 0.439627 0.200764 0 0 0 0.3
Sphere -0.3125 -0.692527 3.31532 0 0.0500034 Metal 0 0 0 0.668078 0.673444 0.0255077 0 0 0 0.3
Sphere 0 0 4 0 0.15 Metal 0 0 0 0.2 1 0.5 0 0 0 0.3
Sphere 0.3125 0.692527 3.31532 0 0.249997 Metal 0 0 0 0.668078 0.673444 0.974492 0 0 0 0.3
Sphere 0.625 -0.568505 2.19886 0 0.151659 Metal 0 0 0 0.959188 0.439627 0.799236 0 0 0 0.3
Sphere 0.9375 -1.80577 2.17944 0 0.050031 Metal 0 0 0 0.963269 0.957069 0.214219 0 0 0 0.3
Sphere 1.25 -0.982164 3.28366 0 0.146682 Metal 0 0 0 0.678778 0.856447 0.0205379 0 0 0 0.3
Sphere 1.5625 -0.000825825 3.99945 0 0.249914 Metal 0 0 0 0.213274 0.219909 0.48341 0 0 0 0.3
Sphere 1.875 -0.904328 3.34664 0 0.154976 Metal 0 0 0 0.657249 0.832883 0.969 0 0 0 0.3
Sphere 2.1875 -1.8141 2.21915 0 0.0501686 Metal 0 0 0 0.954898 0.968996 0.812362 0 0 0 0.3
Sphere 2.5 -0.664794 2.16093 0 0.143368 Metal 0 0 0 0.967139 0.477308 0.227989 0 0 0 0.3
Sphere 2.8125 0.674029 3.25169 0 0.249721 Metal 0 0 0 0.689346 0.640771 0.016096 0 0 0 0.3
Sphere 3.125 0.0662762 3.9978 0 0.158287 Metal 0 0 0 0.226543 0.999009 0.466839 0 0 0 0.3
Sphere 3.4375 -0.704231 3.37757 0 0.0504161 Metal 0 0 0 0.646294 0.704944 0.962991 0 0 0 0.3
Sphere 3.75 0.47217 2.24031 0 0.140061 Metal 0 0 0 0.9504 0.401352 0.825144 0 0 0 0.3
Sphere 4.0625 1.79034 2.14334 0 0.249419 Metal 0 0 0 0.970799 0.943266 0.242059 0 0 0 0.3
Sphere 4.375 1.05951 3.21944 0 0.161589 Metal 0 0 0 0.699779 0.878386 0.012187 0 0 0 0.3
Sphere 4.6875 0.00742356 3.99505 0 0.0507733 Metal 0 0 0 0.239806 0.259678 0.450304 0 0 0 0.3
