Polygon -1 -1 0 0 4 -1 -1 0 1 -1 0 1 1 0 -1 1 0 Lambertian 0.2 0.3 0.2 0 0 0 0 0 0
Polygon -0.3 -0.3 0 0 3 -0.3 -0.3 0 0.3 -0.3 0 0.3 0.3 2 Lambertian 0.9 0.9 0.95 0 0 0 0 0 0
Polygon -0.3 -0.3 0 0 3 -0.3 -0.3 0 0.3 0.3 2 -0.3 0.3 2 Lambertian 0.9 0.9 0.95 0 0 0 0 0 0
Polygon -0.3 -0.3 0 0 3 -0.3 -0.3 0 -0.3 0.3 2 -0.35 -0.35 2 Lambertian 0.9 0.9 0.95 0 0 0 0 0 0
Polygon 0.3 -0.3 0 0 3 0.3 -0.3 0 0.35 -0.35 2 0.3 0.3 2 Lambertian 0.9 0.9 0.95 0 0 0 0 0 0
Polygon -0.3 0.3 0 0 3 -0.3 0.3 0 0.3 0.3 0 0.3 0.3 2 Lambertian 0.9 0.9 0.95 0 0 0 0 0 0
Polygon -0.3 0.3 0 0 3 -0.3 0.3 0 0.3 0.3 2 -0.3 0.3 2 Lambertian 0.9 0.9 0.95 0 0 0 0 0 0
Polygon -0.3 -0.3 0 0 3 -0.3 -0.3 0 0.3 -0.3 0 0.3 -0.3 2 Lambertian 0.9 0.9 0.95 0 0 0 0 0 0
Polygon -0.3 -0.3 0 0 3 -0.3 -0.3 0 0.3 -0.3 2 -0.3 -0.3 2 Lambertian 0.9 0.9 0.95 0 0 0 0 0 0
Sphere 0 0 2.3 0 0.25 Lambertian 0.9 0.9 0.95 0 0 0 0 0 0
Polygon 0.3 0 1.5 0 3 0.3 0 1.5 0.6 0 1.5 0.6 0 2 Lambertian 0.9 0.9 0.95 0 0 0 0 0 0
Polygon 0.3 0 1.5 0 3 0.3 0 1.5 0.6 0 2 0.3 0 2 Lambertian 0.9 0.9 0.95 0 0 0 0 0 0
Polygon 0.6 0 1.5 0 3 0.6 0 1.5 0.65 0 2.1 0.6 0 2 Metal 0 0 0 0.8 0.7 0.5 0 0 0 0.2
Polygon 0.3 0 2 0 3 0.3 0 2 0.6 0 2 0.35 0 2.2 Metal 0 0 0 0.8 0.7 0.5 0 0 0 0.2
Polygon 0.6 0 2 0 3 0.6 0 2 0.65 0 2.1 0.35 0 2.2 Metal 0 0 0 0.8 0.7 0.5 0 0 0 0.2
Polygon 0.35 0 2.2 0 3 0.35 0 2.2 0.65 0 2.1 0.5 0 2.5 Metal 0 0 0 0.8 0.7 0.5 0 0 0 0.2
Polygon -0.3 0 1.5 0 3 -0.3 0 1.5 -0.6 0 1.5 -0.6 0 2 Lambertian 0.9 0.9 0.95 0 0 0 0 0 0
Polygon -0.3 0 1.5 0 3 -0.3 0 1.5 -0.6 0 2 -0.3 0 2 Lambertian 0.9 0.9 0.95 0 0 0 0 0 0
Polygon -0.3 0 2 0 3 -0.3 0 2 -0.6 0 2 -0.35 0 2.2 Lambertian 0.9 0.9 0.95 0 0 0 0 0 0
Polygon 0.5 0 2.5 0 3 0.5 0 2.5 0.55 0 2.5 0.5 0 3 Metal 0 0 0 0.8 0.7 0.5 0 0 0 0.2
Polygon 0.55 0 2.5 0 3 0.55 0 2.5 0.55 0 3 0.5 0 3 Metal 0 0 0 0.8 0.7 0.5 0 0 0 0.2
Polygon -0.15 -0.15 0 0 3 -0.15 -0.15 0 0.15 -0.15 0 0.15 -0.15 1 Lambertian 0.9 0.9 0.95 0 0 0 0 0 0
Polygon -0.15 -0.15 0 0 3 -0.15 -0.15 0 0.15 -0.15 1 -0.15 -0.15 1 Lambertian 0.9 0.9 0.95 0 0 0 0 0 0
Polygon -0.15 0.15 0 0 3 -0.15 0.15 0 0.15 0.15 0 0.15 0.15 1 Lambertian 0.9 0.9 0.95 0 0 0 0 0 0
Polygon -0.15 0.15 0 0 3 -0.15 0.15 0 0.15 0.15 1 -0.15 0.15 1 Lambertian 0.9 0.9 0.95 0 0 0 0 0 0
Polygon -0.15 -0.15 0 0 3 -0.15 -0.15 0 -0.15 0.15 0 -0.15 -0.15 1 Lambertian 0.9 0.9 0.95 0 0 0 0 0 0
Polygon -0.15 0.15 0 0 3 -0.15 0.15 0 -0.15 0.15 1 -0.15 -0.15 1 Lambertian 0.9 0.9 0.95 0 0 0 0 0 0
